     0/499    0.952G     0.109    0.1122         0    0.2212       116       320   0.00825  0.004808 0.0002481 4.488e-05    0.1082   0.09157         0
     1/499      0.9G    0.1023    0.1115         0    0.2138       122       320   0.05183    0.4087   0.04601  0.007513   0.09118   0.07396         0
     2/499      0.9G   0.08746    0.1043         0    0.1918       111       320    0.0986    0.5048    0.1322   0.02939   0.07393   0.08004         0
     3/499      0.9G   0.08037     0.106         0    0.1864       108       320   0.09008    0.5481   0.08648   0.01785   0.07146   0.09397         0
     4/499      0.9G   0.07773    0.1049         0    0.1826        79       320    0.2054    0.3221    0.1281   0.02812   0.07202   0.08085         0
     5/499      0.9G   0.07574    0.1028         0    0.1785        74       320    0.1655    0.3942    0.1304   0.03124   0.06914   0.07214         0
     6/499      0.9G   0.07245    0.1027         0    0.1751       103       320    0.1634    0.4375    0.1436   0.03063   0.06965   0.07074         0
     7/499      0.9G   0.07087    0.1029         0    0.1738       152       320     0.163    0.4615    0.1663   0.03903   0.07209   0.07013         0
     8/499      0.9G   0.06992    0.1005         0    0.1704        99       320    0.1078    0.4423    0.1319   0.03252    0.0722   0.07405         0
     9/499      0.9G   0.06785    0.1007         0    0.1685       105       320    0.1492    0.5096    0.2105   0.05071   0.06695   0.07208         0
    10/499    0.902G   0.06795   0.09828         0    0.1662       140       320    0.1816    0.5144    0.2194   0.05223   0.06715   0.06901         0
    11/499    0.902G   0.06747   0.09786         0    0.1653        98       320    0.1459    0.4615    0.1722   0.03939   0.06703   0.07026         0
    12/499    0.902G   0.06631   0.09999         0    0.1663       101       320    0.1506       0.5    0.1862   0.04631   0.06629   0.07284         0
    13/499    0.902G   0.06562    0.1004         0     0.166       119       320    0.1681     0.524    0.2105   0.05361   0.06502   0.07224         0
    14/499    0.902G   0.06516    0.1001         0    0.1653       143       320    0.1489    0.5337    0.2012   0.04914   0.06642   0.07461         0
    15/499    0.902G   0.06543   0.09758         0     0.163       160       320    0.1466    0.4952    0.2071   0.04561   0.06899   0.07273         0
    16/499    0.902G    0.0646   0.09988         0    0.1645        79       320    0.1602    0.4856    0.2153   0.05389   0.06692   0.07176         0
    17/499    0.902G   0.06418   0.09855         0    0.1627       101       320    0.1659    0.5625    0.2299   0.05704   0.06475   0.07418         0
    18/499    0.902G   0.06364   0.09588         0    0.1595       117       320    0.1366    0.5529    0.2053   0.04509   0.06868   0.07684         0
    19/499    0.902G   0.06352   0.09801         0    0.1615        75       320    0.1911    0.5288    0.2188   0.05105   0.06799   0.07095         0
    20/499    0.902G   0.06306   0.09627         0    0.1593       101       320     0.152    0.4375    0.1533   0.03546   0.06925   0.07175         0
    21/499    0.902G    0.0628   0.09612         0    0.1589       118       320    0.1459    0.4471    0.1411   0.03259   0.06954    0.0724         0
    22/499    0.902G   0.06211   0.09767         0    0.1598       108       320    0.1645    0.5096    0.2257   0.05322   0.06824   0.07299         0
    23/499    0.902G   0.06211   0.09659         0    0.1587        96       320    0.1754    0.5144    0.1918    0.0457   0.06749   0.07161         0
    24/499    0.902G   0.06156   0.09697         0    0.1585       112       320     0.186    0.5144    0.2218   0.05042    0.0674   0.07219         0
    25/499    0.902G   0.06167   0.09577         0    0.1574       123       320    0.1335    0.3942    0.1073    0.0257   0.07428   0.07031         0
    26/499    0.902G   0.06099   0.09723         0    0.1582       105       320     0.162    0.5577    0.1999    0.0448   0.06842   0.07665         0
    27/499    0.902G   0.06112   0.09759         0    0.1587        93       320    0.1965    0.5865    0.2493   0.05859   0.06479   0.07276         0
    28/499    0.902G     0.061   0.09674         0    0.1577       137       320    0.1639    0.4567    0.1479   0.03266   0.07177    0.0716         0
    29/499    0.902G   0.06111   0.09804         0    0.1592        67       320    0.1829    0.5048    0.2166   0.04599   0.06808   0.07332         0
    30/499    0.902G   0.06041   0.09615         0    0.1566       102       320    0.1815     0.601    0.2486   0.06379   0.06284   0.07535         0
    31/499    0.902G   0.06052   0.09709         0    0.1576       116       320     0.187    0.5529    0.2469   0.05996   0.06588   0.07461         0
    32/499    0.902G   0.05982   0.09548         0    0.1553       134       320    0.1742    0.4615    0.1752   0.04167   0.06916   0.07234         0
    33/499    0.902G   0.05982   0.09298         0    0.1528       100       320    0.1601     0.524    0.2093   0.05294   0.06647   0.07716         0
    34/499    0.902G   0.05931   0.09363         0    0.1529       124       320    0.2021    0.5529    0.2243   0.05566   0.06505   0.07398         0
    35/499    0.902G    0.0596   0.09494         0    0.1545       112       320    0.1888       0.5    0.1933   0.04656   0.06848   0.07263         0
    36/499    0.902G   0.05845   0.09386         0    0.1523       122       320    0.1722    0.4856    0.1958   0.04905   0.06647   0.07211         0
    37/499    0.902G   0.05916   0.09539         0    0.1546       101       320    0.1781    0.5144    0.2134   0.05525   0.06527   0.07228         0
    38/499    0.902G   0.05907    0.0941         0    0.1532       105       320    0.1769    0.4904    0.1932   0.04526   0.06879   0.07614         0
    39/499    0.902G   0.05886    0.0974         0    0.1563       112       320    0.1855    0.5385    0.2331   0.06016   0.06439   0.07476         0
    40/499    0.902G   0.05807   0.09481         0    0.1529       108       320    0.2217    0.4615    0.2073   0.05196   0.06704   0.07227         0
    41/499    0.902G   0.05832   0.09278         0    0.1511       140       320    0.1983     0.524    0.1877   0.04473   0.06947   0.07202         0
    42/499    0.902G   0.05808   0.09368         0    0.1518       133       320    0.2006    0.5529    0.2339   0.05848    0.0675   0.07342         0
    43/499    0.902G   0.05729   0.09189         0    0.1492        89       320    0.1875    0.4712    0.1752   0.04121   0.06837   0.07267         0
    44/499    0.902G   0.05752   0.09293         0    0.1504        71       320    0.1794    0.5337    0.1975   0.05463   0.06554   0.07708         0
    45/499    0.902G    0.0573     0.095         0    0.1523       136       320     0.172    0.5096    0.1876   0.04444   0.06724   0.07584         0
    46/499    0.902G   0.05647   0.09089         0    0.1474        97       320    0.2135    0.5721    0.2535   0.06887   0.06147    0.0739         0
    47/499    0.902G   0.05665   0.09322         0    0.1499       123       320    0.2028    0.5865    0.2354   0.06204   0.06379   0.07676         0
    48/499    0.902G   0.05672   0.09241         0    0.1491       119       320    0.2213    0.5913    0.2595   0.06248   0.06257   0.07627         0
    49/499    0.902G   0.05634   0.09151         0    0.1478        98       320    0.2135    0.5865     0.255   0.06745   0.06098   0.07715         0
    50/499    0.902G   0.05548   0.09271         0    0.1482        80       320    0.1973    0.5577     0.242   0.05742   0.06323   0.07771         0
    51/499    0.902G   0.05612   0.09121         0    0.1473       150       320    0.2004    0.5865    0.2507   0.06964   0.06265   0.07742         0
    52/499    0.902G   0.05583   0.09177         0    0.1476        67       320    0.1944    0.5433    0.2313   0.05634   0.06651    0.0777         0
    53/499    0.902G   0.05512   0.09089         0     0.146       144       320    0.2038    0.6058    0.2537   0.06477    0.0631   0.07672         0
    54/499    0.902G     0.055    0.0894         0    0.1444        89       320    0.1963    0.5433    0.2316    0.0634   0.06249   0.07737         0
    55/499    0.902G   0.05518   0.08983         0     0.145        63       320    0.1971    0.5385    0.2424   0.05949   0.06269   0.07724         0
    56/499    0.902G   0.05543   0.09088         0    0.1463        96       320    0.2081    0.5962     0.257   0.06664   0.06153   0.07778         0
    57/499    0.902G    0.0552   0.09056         0    0.1458       116       320    0.1945    0.5433    0.2419   0.06518   0.06413   0.07818         0
    58/499    0.902G   0.05423   0.09004         0    0.1443       137       320    0.2088    0.6106    0.2724   0.06755   0.06463   0.08024         0
    59/499    0.902G   0.05419   0.08872         0    0.1429       151       320    0.2088    0.5385    0.2264   0.05784   0.06311    0.0773         0
    60/499    0.902G   0.05433    0.0876         0    0.1419        77       320    0.2048    0.5721    0.2219     0.055   0.06247   0.07921         0
    61/499    0.902G   0.05401     0.091         0     0.145       122       320    0.2163    0.5721    0.2228   0.05332    0.0622   0.07847         0
    62/499    0.902G   0.05424   0.08974         0     0.144       114       320    0.1982    0.4856    0.1765   0.04537   0.06396   0.08026         0
    63/499    0.902G   0.05337   0.08902         0    0.1424       117       320     0.221    0.5337    0.2348   0.06699   0.06369   0.07661         0
    64/499    0.902G   0.05398   0.08798         0     0.142       125       320    0.1872    0.5625    0.1913   0.05359   0.06187   0.08145         0
    65/499    0.902G   0.05311   0.08765         0    0.1408       138       320     0.215    0.5048     0.218   0.06065   0.06324   0.07793         0
    66/499    0.902G   0.05343   0.08627         0    0.1397       119       320     0.215    0.5625    0.2506   0.06109   0.06329   0.07889         0
    67/499    0.902G   0.05321    0.0871         0    0.1403        96       320    0.2083    0.5144    0.2223   0.05713   0.06327   0.07775         0
    68/499    0.902G   0.05342    0.0867         0    0.1401       127       320    0.2044    0.5144    0.2255   0.05439   0.06399   0.08042         0
    69/499    0.902G   0.05251   0.08534         0    0.1378       113       320    0.2045    0.5337    0.2041   0.05292   0.06102   0.07864         0
    70/499    0.902G   0.05221   0.08682         0     0.139       116       320    0.2085    0.6154    0.2456   0.06464   0.05922   0.08056         0
    71/499    0.902G   0.05195    0.0869         0    0.1389        76       320    0.1878    0.5673    0.2237   0.06096   0.06413   0.08194         0
    72/499    0.902G   0.05185   0.08488         0    0.1367        98       320    0.1849     0.476    0.1771   0.04406   0.06616   0.08066         0
    73/499    0.902G    0.0517   0.08289         0    0.1346        60       320    0.2099    0.5048     0.223   0.05488   0.06826   0.07945         0
    74/499    0.902G   0.05198    0.0851         0    0.1371        70       320    0.2224    0.5337     0.227   0.05784   0.06083   0.07951         0
    75/499    0.902G   0.05143   0.08411         0    0.1355       114       320    0.1808    0.4663    0.1933    0.0516   0.06549   0.08145         0
    76/499    0.902G   0.05171   0.08568         0    0.1374       112       320    0.2185    0.4663    0.2039   0.05278   0.06424   0.08049         0
    77/499    0.902G   0.05121   0.08373         0    0.1349        99       320    0.2089       0.5    0.1975    0.0521   0.06387    0.0806         0
    78/499    0.902G   0.05127   0.08409         0    0.1354        91       320    0.2263     0.524    0.2038   0.05024   0.06312   0.08156         0
    79/499    0.902G    0.0508   0.08409         0    0.1349       123       320    0.2013     0.476    0.1874   0.04635   0.06456   0.07945         0
    80/499    0.902G   0.05079   0.08337         0    0.1342       124       320    0.2106    0.4471    0.1749   0.04496   0.06207   0.08223         0
    81/499    0.902G   0.05124    0.0833         0    0.1345       103       320     0.192    0.4279    0.1578   0.03594   0.06771   0.08205         0
    82/499    0.902G   0.05037   0.08441         0    0.1348       134       320    0.2171    0.5817    0.2211   0.05474   0.06346   0.08462         0
    83/499    0.902G   0.04989   0.08374         0    0.1336       107       320    0.2052    0.5481    0.2015   0.04683    0.0651   0.08306         0
    84/499    0.902G   0.04991   0.08199         0    0.1319       101       320    0.2004    0.4663    0.1792    0.0473   0.06445   0.08461         0
    85/499    0.902G   0.05014   0.08305         0    0.1332       114       320    0.2115    0.5144     0.196   0.05217   0.06209   0.08437         0
    86/499    0.902G   0.04914   0.08271         0    0.1318       127       320    0.2081    0.4856    0.1968   0.04969   0.06319   0.08587         0
    87/499    0.902G   0.05002   0.08108         0    0.1311       121       320    0.2012     0.476    0.1761   0.05263   0.06266   0.08365         0
    88/499    0.902G   0.04927   0.08088         0    0.1302        75       320    0.1894    0.4279    0.1665   0.04475   0.06414   0.08703         0
    89/499    0.902G    0.0494   0.08105         0    0.1304        75       320    0.2066    0.4567     0.185   0.04805   0.06343   0.08369         0
    90/499    0.902G   0.04916   0.08014         0    0.1293       110       320    0.2039    0.5144    0.2289   0.06019   0.06163   0.08445         0
    91/499    0.902G   0.04876   0.07957         0    0.1283        67       320    0.1957    0.4952    0.2107   0.05138    0.0653   0.08458         0
    92/499    0.902G   0.04937   0.08102         0    0.1304        94       320    0.2011    0.4854    0.1988   0.05487   0.06489   0.08311         0
    93/499    0.902G   0.04873    0.0798         0    0.1285       137       320     0.203     0.476    0.1998   0.05614   0.06368   0.08557         0
    94/499    0.902G   0.04854   0.07927         0    0.1278       100       320    0.2273    0.4615    0.2077   0.05672   0.06332   0.08697         0
    95/499    0.902G   0.04832   0.08048         0    0.1288        80       320    0.2049    0.5096    0.1975   0.04919   0.06499   0.08646         0
    96/499    0.902G   0.04864   0.08139         0      0.13       116       320    0.2013     0.476    0.1724   0.04665   0.06511   0.08701         0
    97/499    0.902G   0.04805   0.07983         0    0.1279       135       320    0.2132    0.4856    0.1968   0.04798   0.06446   0.08433         0
    98/499    0.902G   0.04812   0.07999         0    0.1281       109       320    0.2129    0.5337    0.2243   0.06014   0.06187   0.08736         0
    99/499    0.902G   0.04747   0.07931         0    0.1268       111       320    0.2064       0.5    0.2085   0.05155   0.06339    0.0867         0
   100/499    0.902G   0.04759   0.07729         0    0.1249       110       320    0.2133     0.476    0.2029   0.05176   0.06371   0.08842         0
   101/499    0.902G   0.04858   0.07893         0    0.1275        84       320    0.2105    0.4856    0.2046   0.05531   0.06322    0.0876         0
   102/499    0.902G   0.04708   0.07705         0    0.1241        97       320    0.2084    0.4567    0.1784   0.04699   0.06677   0.08969         0
   103/499    0.902G   0.04718   0.07769         0    0.1249       107       320    0.2149    0.4663    0.1851   0.04505   0.06626    0.0872         0
   104/499    0.902G   0.04723   0.07685         0    0.1241       129       320    0.2042     0.476    0.1844    0.0483   0.06596   0.08672         0
   105/499    0.902G   0.04738   0.07845         0    0.1258       115       320    0.2074    0.4615    0.1719   0.04501   0.06398    0.0863         0
   106/499    0.902G   0.04717   0.07776         0    0.1249       116       320    0.2196    0.5048    0.2003   0.04965   0.06463   0.08729         0
   107/499    0.902G   0.04679   0.07668         0    0.1235        98       320    0.2041    0.4471    0.1916   0.05063   0.06334   0.08813         0
   108/499    0.902G    0.0472    0.0771         0    0.1243       139       320    0.1966    0.4279    0.1757   0.04342   0.06626   0.09017         0
   109/499    0.902G   0.04647   0.07546         0    0.1219       112       320    0.2061    0.4615    0.1999    0.0546   0.06243   0.09057         0
   110/499    0.902G    0.0467   0.07235         0    0.1191       106       320    0.2009    0.4567    0.1922   0.04874   0.06409   0.08956         0
   111/499    0.902G   0.04639   0.07639         0    0.1228       107       320    0.1981    0.4519    0.1752   0.04561   0.06651   0.09181         0
   112/499    0.902G   0.04629    0.0757         0     0.122        76       320    0.2205    0.4519     0.187   0.04797   0.06575   0.09018         0
   113/499    0.902G   0.04643    0.0749         0    0.1213        93       320    0.2218    0.4808    0.1884   0.04747   0.06404   0.09254         0
   114/499    0.902G   0.04629   0.07706         0    0.1234       107       320    0.2023    0.4327    0.1772   0.04448     0.065   0.09161         0
   115/499    0.902G   0.04623   0.07405         0    0.1203       118       320    0.2053    0.4519    0.1623    0.0417   0.06556   0.09035         0
   116/499    0.902G   0.04566   0.07749         0    0.1232       121       320    0.2228    0.4808    0.1811   0.04585   0.06703   0.09271         0
   117/499    0.902G   0.04564    0.0762         0    0.1218       137       320    0.2034    0.4471     0.171   0.04395   0.06501   0.09374         0
   118/499    0.902G    0.0458   0.07523         0     0.121       118       320    0.2172    0.4909    0.1943   0.04831   0.06441   0.09324         0
   119/499    0.902G   0.04576   0.07554         0    0.1213       117       320    0.2075    0.4558    0.1708   0.04513   0.06537   0.09175         0
   120/499    0.902G   0.04522   0.07561         0    0.1208       126       320    0.2102    0.4231    0.1759   0.04933    0.0649   0.09214         0
   121/499    0.902G   0.04539   0.07478         0    0.1202       116       320    0.2115    0.4231    0.1832    0.0484   0.06554   0.09185         0
   122/499    0.902G   0.04516   0.07351         0    0.1187        91       320    0.2213    0.4567    0.1864   0.04777   0.06437   0.09076         0
   123/499    0.902G    0.0453   0.07525         0    0.1206        95       320    0.1935    0.4663    0.1801   0.04834    0.0655   0.09368         0
   124/499    0.902G   0.04481   0.07452         0    0.1193        96       320     0.223    0.4615    0.1911   0.04832   0.06486   0.09206         0
   125/499    0.902G   0.04501   0.07433         0    0.1193       107       320      0.22    0.4519    0.2059   0.05042   0.06575   0.09258         0
   126/499    0.902G   0.04482   0.07418         0     0.119       100       320    0.1999    0.4279    0.1637   0.04368   0.06531   0.09304         0
   127/499    0.902G   0.04461   0.07353         0    0.1181       107       320    0.1808    0.3942     0.176   0.04947    0.0676   0.09303         0
   128/499    0.902G   0.04516   0.07317         0    0.1183       123       320    0.2268    0.4808    0.1817   0.04777   0.06579   0.09423         0
   129/499    0.902G   0.04453   0.07282         0    0.1174        92       320     0.207    0.4471    0.1808   0.04698   0.06698   0.09558         0
   130/499    0.902G   0.04434   0.07306         0    0.1174       131       320    0.1977    0.4519    0.1889   0.04818   0.06561   0.09494         0
   131/499    0.902G   0.04453   0.07223         0    0.1168       121       320    0.2076    0.4615    0.1849   0.04625    0.0664   0.09539         0
   132/499    0.902G   0.04426   0.07372         0     0.118       144       320     0.204    0.4471    0.1771   0.04504   0.06602   0.09475         0
   133/499    0.902G     0.044   0.07287         0    0.1169       113       320    0.2127    0.4567    0.1721    0.0448   0.06461     0.092         0
   134/499    0.902G    0.0444   0.07333         0    0.1177       128       320    0.2119    0.4423    0.1699    0.0416   0.06556   0.09438         0
   135/499    0.902G   0.04399    0.0726         0    0.1166       120       320    0.2225    0.4471    0.1858   0.04212   0.06584   0.09552         0
   136/499    0.902G   0.04367   0.07323         0    0.1169       102       320    0.2076    0.4567    0.1827   0.04599   0.06464   0.09478         0
   137/499    0.902G   0.04361   0.07194         0    0.1156        97       320    0.2246    0.4615    0.1941   0.05118    0.0648   0.09245         0
   138/499    0.902G   0.04428   0.07176         0     0.116       123       320    0.2315    0.4663    0.2033   0.05098   0.06333   0.09199         0
   139/499    0.902G   0.04346   0.07208         0    0.1155        70       320     0.244    0.4856    0.2187   0.05117   0.06418   0.09325         0
   140/499    0.902G   0.04343   0.07105         0    0.1145       126       320    0.2253    0.4471      0.19   0.04862   0.06438   0.09282         0
   141/499    0.902G   0.04336   0.07172         0    0.1151       107       320    0.2145    0.4231     0.182   0.04425   0.06488   0.09356         0
   142/499    0.902G   0.04338   0.07068         0    0.1141        86       320    0.2312    0.4615    0.1928   0.04811   0.06552   0.09126         0
   143/499    0.902G   0.04298    0.0716         0    0.1146       135       320    0.2317    0.4231    0.1918   0.04624   0.06476   0.09417         0
   144/499    0.902G   0.04292   0.07133         0    0.1142       117       320    0.2048    0.4231    0.2035   0.05308    0.0652   0.09358         0
   145/499    0.902G   0.04294   0.07076         0    0.1137        99       320    0.2018    0.3942    0.1777    0.0444   0.06689   0.09719         0
   146/499    0.902G   0.04267   0.07099         0    0.1137       119       320    0.2058    0.4327    0.1848   0.04384   0.06485   0.09687         0
   147/499    0.902G   0.04298   0.06963         0    0.1126        98       320    0.2088    0.4375    0.1907   0.04467   0.06508   0.09513         0
   148/499    0.902G    0.0426   0.07053         0    0.1131        70       320    0.2166    0.4423    0.1834   0.04583   0.06537   0.09717         0
   149/499    0.902G   0.04281   0.07047         0    0.1133       104       320    0.2312    0.4808    0.1855   0.04208   0.06464   0.09453         0
   150/499    0.902G   0.04262   0.06958         0    0.1122        80       320    0.2231    0.4471    0.1857   0.04574   0.06458   0.09598         0
   151/499    0.902G   0.04256    0.0684         0     0.111       116       320    0.2281    0.4519    0.1875   0.04501   0.06633   0.09665         0
   152/499    0.902G    0.0426   0.07144         0     0.114        81       320    0.2259    0.4423    0.1823   0.04301   0.06718   0.09605         0
   153/499    0.902G   0.04221    0.0708         0     0.113        84       320    0.2199    0.4375    0.1783   0.04428   0.06589   0.09555         0
   154/499    0.902G   0.04252   0.07025         0    0.1128       108       320    0.2146    0.4375    0.1817   0.04427   0.06563   0.09674         0
   155/499    0.902G    0.0425   0.07123         0    0.1137        95       320    0.2199    0.4375    0.1675   0.04292   0.06523   0.09627         0
   156/499    0.902G   0.04177   0.06905         0    0.1108        98       320    0.2253    0.4519    0.1799   0.04486   0.06577   0.09627         0
   157/499    0.902G   0.04199   0.06865         0    0.1106       119       320    0.2179    0.4423     0.191   0.05071   0.06479   0.09708         0
   158/499    0.902G   0.04172   0.06839         0    0.1101        91       320    0.2059    0.3702    0.1659   0.04043   0.06696   0.09833         0
   159/499    0.902G   0.04154   0.06886         0    0.1104       135       320    0.2122    0.3894    0.1646   0.04276   0.06613   0.09954         0
   160/499    0.902G   0.04128   0.06881         0    0.1101       111       320    0.2093    0.3944    0.1561   0.04132    0.0661   0.09937         0
   161/499    0.902G     0.041   0.06952         0    0.1105       122       320    0.2198    0.4327    0.1722   0.04289   0.06579    0.1008         0
   162/499    0.902G   0.04115   0.06864         0    0.1098        94       320    0.2147    0.4135    0.1722   0.03993   0.06561    0.1014         0
   163/499    0.902G    0.0413   0.06923         0    0.1105       119       320    0.2166    0.4183    0.1738   0.04173   0.06549   0.09975         0
   164/499    0.902G   0.04123   0.06845         0    0.1097        82       320    0.2187    0.4375     0.174   0.04586    0.0657   0.09668         0
   165/499    0.902G   0.04142   0.06874         0    0.1102       102       320    0.2272    0.4327    0.1821   0.04669   0.06506    0.0955         0
   166/499    0.902G   0.04094   0.06838         0    0.1093       143       320    0.2125     0.399    0.1811   0.04554    0.0657   0.09928         0
   167/499    0.902G   0.04115   0.06696         0    0.1081       120       320    0.2095    0.3894    0.1759   0.04708   0.06599    0.1012         0
   168/499    0.902G   0.04092   0.06617         0    0.1071        67       320    0.2156     0.375    0.1734   0.04435   0.06742     0.101         0
   169/499    0.902G   0.04089   0.06755         0    0.1084        92       320    0.2245    0.4077    0.1787   0.04406    0.0673    0.1006         0
   170/499    0.902G   0.04075   0.06755         0    0.1083       125       320    0.2079    0.3606    0.1518   0.03649   0.06734    0.1013         0
   171/499    0.902G   0.04039    0.0665         0    0.1069       112       320    0.1986    0.3654    0.1461   0.03796   0.06648    0.1009         0
   172/499    0.902G   0.04062   0.06794         0    0.1086       122       320     0.204    0.3942    0.1564   0.03989   0.06598    0.1009         0
   173/499    0.902G   0.04097   0.06801         0     0.109       114       320    0.1976     0.375    0.1526   0.03837   0.06578    0.1023         0
   174/499    0.902G   0.04002   0.06532         0    0.1053       158       320    0.1934    0.3462    0.1477   0.03783   0.06608    0.1025         0
   175/499    0.902G   0.04023   0.06739         0    0.1076        74       320    0.1972    0.3798    0.1571   0.03855   0.06635    0.1022         0
   176/499    0.902G   0.04029   0.06547         0    0.1058       106       320    0.2097    0.3942    0.1564   0.03827   0.06634    0.1022         0
   177/499    0.902G   0.04056   0.06776         0    0.1083       125       320    0.2144    0.3846    0.1549   0.03888   0.06684    0.1037         0
   178/499    0.902G   0.04039   0.06696         0    0.1073       105       320    0.2168     0.399    0.1776   0.04163   0.06729    0.1037         0
   179/499    0.902G   0.03999   0.06592         0    0.1059        93       320    0.2029     0.375    0.1582   0.04072   0.06632    0.1041         0
   180/499    0.902G   0.04003   0.06614         0    0.1062        70       320    0.2071    0.3798    0.1654   0.04161   0.06679    0.1021         0
   181/499    0.902G   0.04021   0.06591         0    0.1061        90       320    0.2055    0.3846    0.1703   0.04331    0.0662    0.1018         0
   182/499    0.902G   0.04017    0.0661         0    0.1063       108       320    0.1949    0.3654    0.1541   0.03841   0.06566    0.1029         0
   183/499    0.902G   0.03957   0.06652         0    0.1061       105       320    0.2066     0.399    0.1665    0.0409   0.06568    0.1023         0
   184/499    0.902G   0.03951   0.06429         0    0.1038        74       320    0.2195    0.4135    0.1744   0.04122   0.06639    0.1016         0
   185/499    0.902G   0.03984   0.06596         0    0.1058        82       320    0.2089    0.3894    0.1657   0.04077   0.06667    0.1017         0
   186/499    0.902G   0.03951   0.06484         0    0.1044       119       320     0.196    0.3654    0.1567   0.03828   0.06686    0.1021         0
   187/499    0.902G   0.03929   0.06536         0    0.1047       114       320    0.2028    0.3942     0.157   0.03836   0.06685    0.1025         0
   188/499    0.902G   0.04003    0.0665         0    0.1065       134       320    0.2086     0.399    0.1555   0.03819   0.06659    0.1027         0
   189/499    0.902G   0.03955   0.06498         0    0.1045       110       320    0.2084    0.4038    0.1646    0.0417   0.06599     0.103         0
   190/499    0.902G    0.0397   0.06493         0    0.1046        83       320     0.204    0.3894    0.1625   0.04225   0.06631    0.1032         0
   191/499    0.902G   0.03924   0.06495         0    0.1042       144       320    0.1991     0.375     0.158   0.04193   0.06632    0.1037         0
   192/499    0.902G    0.0393    0.0665         0    0.1058       110       320    0.1975     0.375    0.1555   0.04135   0.06697    0.1041         0
   193/499    0.902G   0.03925   0.06414         0    0.1034       107       320    0.2093    0.4183    0.1638   0.03958   0.06743    0.1028         0
   194/499    0.902G   0.03921    0.0671         0    0.1063        85       320    0.2133    0.4341    0.1616   0.03851   0.06726    0.1024         0
   195/499    0.902G   0.03893   0.06414         0    0.1031       111       320    0.2137    0.4279    0.1524   0.03514   0.06752    0.1029         0
   196/499    0.902G   0.03929   0.06666         0     0.106       126       320    0.2075    0.4231    0.1487   0.03606   0.06718    0.1025         0
   197/499    0.902G   0.03885   0.06496         0    0.1038       140       320    0.2018     0.399    0.1439   0.03517   0.06834    0.1023         0
   198/499    0.902G    0.0386   0.06355         0    0.1021       117       320    0.1996    0.3846    0.1511   0.03843   0.06771     0.102         0
   199/499    0.902G   0.03899   0.06555         0    0.1045       127       320    0.1968    0.3894     0.163   0.04155   0.06766    0.1018         0
   200/499    0.902G    0.0383   0.06314         0    0.1014        86       320     0.193    0.3702    0.1506    0.0378   0.06829    0.1034         0
   201/499    0.902G   0.03817   0.06454         0    0.1027       125       320    0.1968    0.3712    0.1596   0.04083   0.06759    0.1029         0
   202/499    0.902G   0.03804    0.0653         0    0.1033       134       320    0.1959    0.3846    0.1686   0.04286   0.06729    0.1017         0
   203/499    0.902G   0.03864   0.06443         0    0.1031       132       320    0.1848    0.3654    0.1539   0.03855   0.06686    0.1023         0
   204/499    0.902G   0.03884   0.06193         0    0.1008        94       320    0.1902     0.375    0.1567   0.03871   0.06635    0.1025         0
   205/499    0.902G    0.0384    0.0638         0    0.1022        75       320    0.1925    0.3606    0.1546    0.0369    0.0662    0.1033         0
   206/499    0.902G   0.03835    0.0647         0    0.1031       118       320    0.2059    0.3846    0.1586   0.03764   0.06591    0.1028         0
   207/499    0.902G   0.03804   0.06506         0    0.1031       122       320    0.1984    0.3846    0.1542   0.03864   0.06614    0.1035         0
   208/499    0.902G   0.03828   0.06391         0    0.1022       143       320    0.2025    0.3942    0.1567   0.03985   0.06636    0.1023         0
   209/499    0.902G   0.03761   0.06331         0    0.1009        89       320    0.2106    0.3942     0.173   0.04204   0.06638    0.1024         0
   210/499    0.902G   0.03812    0.0632         0    0.1013        91       320    0.1988    0.3846    0.1684   0.04178   0.06661     0.102         0
   211/499    0.902G   0.03763   0.06282         0    0.1004        90       320    0.2009    0.3894    0.1737   0.04313   0.06629    0.1016         0
   212/499    0.902G   0.03804    0.0635         0    0.1015       102       320    0.2091    0.3894     0.166   0.04208   0.06602    0.1027         0
   213/499    0.902G   0.03753   0.06299         0    0.1005       137       320    0.2045    0.3818    0.1613   0.04233   0.06612    0.1036         0
   214/499    0.902G   0.03786   0.06321         0    0.1011        95       320    0.2091    0.3914    0.1609   0.04314   0.06638    0.1042         0
   215/499    0.902G    0.0382   0.06425         0    0.1024       153       320     0.203    0.3798    0.1559   0.04319   0.06657    0.1044         0
   216/499    0.902G   0.03794   0.06444         0    0.1024       104       320     0.205     0.399    0.1642   0.04345   0.06667    0.1035         0
   217/499    0.902G   0.03782   0.06353         0    0.1013       104       320    0.1978     0.375    0.1573   0.04145    0.0671    0.1039         0
   218/499    0.902G    0.0374   0.06243         0   0.09983       123       320    0.2103     0.399    0.1628   0.04195   0.06689    0.1035         0
   219/499    0.902G   0.03737   0.06128         0   0.09865        92       320    0.2044    0.3989    0.1574   0.04214   0.06717    0.1031         0
   220/499    0.902G   0.03701   0.06401         0     0.101       121       320    0.2104    0.4038    0.1551   0.04176   0.06711    0.1027         0
   221/499    0.902G   0.03728   0.06193         0   0.09921       125       320    0.2195    0.4183    0.1665   0.04301   0.06694    0.1028         0
   222/499    0.902G   0.03653   0.06245         0   0.09898       126       320    0.2222    0.4231    0.1738   0.04491   0.06687    0.1032         0
   223/499    0.902G   0.03697   0.06252         0   0.09949        96       320     0.222    0.4231    0.1706   0.04315   0.06701    0.1031         0
   224/499    0.902G   0.03733   0.06158         0   0.09891        87       320    0.2124    0.4087    0.1597   0.04122   0.06723    0.1021         0
   225/499    0.902G   0.03654   0.06261         0   0.09915        94       320    0.2128    0.4038    0.1648   0.04263   0.06733    0.1017         0
   226/499    0.902G    0.0369   0.06297         0   0.09987       105       320    0.2241    0.4135    0.1704   0.04476   0.06739    0.1007         0
   227/499    0.902G   0.03696   0.06193         0    0.0989       111       320    0.2205    0.4087    0.1671   0.04482   0.06741    0.1016         0
   228/499    0.902G   0.03722   0.06289         0    0.1001        93       320    0.2253    0.4135     0.171   0.04437   0.06716    0.1019         0
   229/499    0.902G   0.03686   0.06358         0    0.1004       141       320    0.2151    0.3894    0.1701   0.04369   0.06721    0.1026         0
   230/499    0.902G   0.03669   0.06306         0   0.09975       111       320    0.2098    0.3804     0.162   0.04193   0.06721    0.1029         0
   231/499    0.902G   0.03663   0.06261         0   0.09924       107       320     0.221    0.4038    0.1666   0.04152    0.0666    0.1029         0
   232/499    0.902G   0.03659   0.06139         0   0.09798       126       320     0.213    0.3942    0.1701   0.04236   0.06657     0.103         0
   233/499    0.902G   0.03642   0.06253         0   0.09896       102       320     0.215    0.3942    0.1677   0.04054   0.06674    0.1029         0
   234/499    0.902G   0.03648   0.06167         0   0.09815       130       320    0.2162    0.3894    0.1639    0.0385   0.06661    0.1037         0
   235/499    0.902G   0.03685   0.06059         0   0.09744       101       320      0.22    0.3894    0.1591   0.03881   0.06647    0.1043         0
   236/499    0.902G   0.03644   0.06129         0   0.09773       142       320    0.2126    0.3894    0.1592   0.03901    0.0665    0.1046         0
   237/499    0.902G   0.03633   0.06107         0   0.09741       132       320    0.2182    0.3942    0.1626   0.03946   0.06632    0.1046         0
   238/499    0.902G   0.03624   0.06114         0   0.09737       106       320    0.2191    0.3894    0.1575   0.03872   0.06655     0.105         0
   239/499    0.902G   0.03629   0.06071         0     0.097       132       320    0.2082    0.3798    0.1584   0.03888   0.06646    0.1054         0
   240/499    0.902G    0.0364   0.06048         0   0.09688       109       320    0.2084    0.3702    0.1556   0.03895   0.06667    0.1055         0
   241/499    0.902G   0.03584   0.06112         0   0.09696       108       320    0.2132     0.375    0.1531   0.03973   0.06657    0.1052         0
   242/499    0.902G   0.03619   0.06023         0   0.09642       132       320    0.2073    0.3702    0.1556   0.04076   0.06657    0.1056         0
   243/499    0.902G    0.0357   0.06125         0   0.09696        96       320    0.2079    0.3702    0.1578   0.03994   0.06646    0.1058         0
   244/499    0.902G   0.03655   0.05957         0   0.09612        90       320    0.2076    0.3702    0.1593   0.04055   0.06621    0.1061         0
   245/499    0.902G   0.03571   0.06025         0   0.09596       127       320    0.2102    0.3762    0.1617   0.03934   0.06637    0.1069         0
   246/499    0.902G   0.03566   0.05815         0    0.0938       121       320    0.2102     0.375     0.159    0.0405   0.06661    0.1071         0
   247/499    0.902G   0.03581   0.06013         0   0.09594        98       320    0.2023    0.3606    0.1539   0.03975   0.06682    0.1073         0
   248/499    0.902G   0.03519   0.06047         0   0.09566       102       320    0.2031    0.3654    0.1508   0.03816   0.06718    0.1079         0
   249/499    0.902G   0.03616   0.06033         0   0.09649       127       320    0.1972     0.351    0.1407   0.03811   0.06728     0.108         0
   250/499    0.902G   0.03525   0.06087         0   0.09613        96       320    0.2127    0.3728    0.1496   0.03871   0.06737     0.108         0
   251/499    0.902G   0.03522   0.05856         0   0.09378       104       320    0.2026    0.3606    0.1467   0.03751   0.06757    0.1083         0
   252/499    0.902G   0.03533   0.06002         0   0.09536       115       320    0.1936    0.3558    0.1485   0.03716    0.0676    0.1085         0
   253/499    0.902G   0.03547   0.05998         0   0.09545       115       320    0.2039    0.3702    0.1486   0.03779   0.06753    0.1083         0
   254/499    0.902G   0.03567    0.0602         0   0.09586       122       320    0.2097    0.3798    0.1533   0.03974   0.06755    0.1082         0
   255/499    0.902G   0.03501   0.05965         0   0.09466        83       320    0.2036    0.3702    0.1508    0.0396   0.06774    0.1086         0
   256/499    0.902G    0.0348   0.05963         0   0.09443       106       320    0.2074     0.375    0.1486   0.03999     0.068    0.1088         0
   257/499    0.902G   0.03515   0.05838         0   0.09353        64       320     0.202    0.3654    0.1495   0.03959   0.06816    0.1089         0
   258/499    0.902G   0.03496    0.0603         0   0.09526       114       320    0.2021    0.3606    0.1501    0.0388   0.06857    0.1086         0
   259/499    0.902G   0.03509      0.06         0   0.09509       139       320    0.2079     0.375    0.1528   0.03925   0.06879    0.1087         0
   260/499    0.902G   0.03481   0.05875         0   0.09356        86       320    0.2091     0.375    0.1593   0.03943   0.06889    0.1087         0
   261/499    0.902G   0.03503    0.0601         0   0.09513       137       320     0.213    0.3894    0.1634   0.04036   0.06884    0.1086         0
   262/499    0.902G    0.0346   0.05928         0   0.09388       121       320    0.2211     0.399    0.1654   0.04076    0.0686    0.1085         0
   263/499    0.902G   0.03486   0.06014         0     0.095       100       320    0.2165    0.3942    0.1683   0.04142   0.06852    0.1086         0
   264/499    0.902G   0.03486   0.05941         0   0.09427       117       320     0.211    0.3894    0.1643   0.04178   0.06856    0.1086         0
   265/499    0.902G   0.03455   0.05894         0   0.09349        68       320    0.2128    0.3894    0.1632   0.04128   0.06878    0.1081         0
   266/499    0.902G   0.03431   0.05934         0   0.09366        94       320    0.2106    0.3846    0.1617   0.04197     0.069     0.108         0
   267/499    0.902G    0.0348   0.05839         0   0.09319        78       320    0.2094    0.3846    0.1641   0.04205   0.06897    0.1079         0
   268/499    0.902G   0.03504   0.05932         0   0.09435        93       320    0.2147    0.3894    0.1665   0.04117   0.06894    0.1082         0
   269/499    0.902G   0.03428   0.05805         0   0.09233       103       320    0.2217    0.4038     0.167   0.04145   0.06907    0.1083         0
   270/499    0.902G   0.03424   0.05856         0    0.0928       114       320    0.2149     0.399    0.1649   0.04055   0.06911    0.1087         0
   271/499    0.902G   0.03441   0.06024         0   0.09464       120       320    0.2151    0.3942    0.1627   0.04031   0.06942    0.1092         0
   272/499    0.902G   0.03432   0.05945         0   0.09378       117       320    0.2124    0.3894    0.1601   0.03897   0.06926    0.1097         0
   273/499    0.902G   0.03427   0.05782         0   0.09209       114       320    0.2018    0.3702    0.1549   0.03899    0.0692    0.1099         0
   274/499    0.902G   0.03404     0.059         0   0.09305       109       320    0.1968    0.3606    0.1489   0.03809   0.06912    0.1101         0
   275/499    0.902G   0.03433   0.05881         0   0.09314       132       320    0.2038    0.3702    0.1516   0.03904   0.06905    0.1105         0
   276/499    0.902G   0.03442   0.05706         0   0.09149       119       320     0.206    0.3702    0.1579   0.03971   0.06895    0.1103         0
   277/499    0.902G   0.03389   0.06003         0   0.09391        69       320    0.2088     0.375    0.1614    0.0391   0.06885    0.1104         0
   278/499    0.902G   0.03436   0.05743         0   0.09179        92       320    0.2063    0.3702    0.1519   0.03769    0.0689    0.1104         0
   279/499    0.902G   0.03417   0.05819         0   0.09236       118       320    0.2065    0.3654    0.1542   0.03813   0.06883    0.1103         0
   280/499    0.902G    0.0341   0.05829         0   0.09238       100       320    0.2044    0.3606    0.1534   0.03782   0.06872    0.1104         0
   281/499    0.902G   0.03401   0.05895         0   0.09297       102       320    0.2046    0.3635    0.1538   0.03825   0.06873    0.1102         0
   282/499    0.902G   0.03386   0.05824         0    0.0921       113       320    0.2123     0.375    0.1542   0.03839   0.06875      0.11         0
   283/499    0.902G   0.03363   0.05883         0   0.09246       146       320    0.2129     0.375    0.1543   0.03851   0.06875      0.11         0
   284/499    0.902G   0.03358   0.05741         0   0.09099       159       320    0.2056    0.3654    0.1538   0.04023   0.06876    0.1102         0
   285/499    0.902G   0.03316   0.05807         0   0.09123       133       320    0.2116     0.375    0.1616   0.04078   0.06875    0.1103         0
   286/499    0.902G   0.03368   0.05834         0   0.09203       104       320    0.2122     0.375    0.1616    0.0397   0.06877    0.1104         0
   287/499    0.902G   0.03378   0.05762         0    0.0914       119       320    0.2122    0.3702    0.1589   0.03995   0.06879    0.1105         0
   288/499    0.902G   0.03358   0.05677         0   0.09035       122       320    0.2169     0.375    0.1574   0.04036   0.06871    0.1105         0
   289/499    0.902G   0.03348   0.05797         0   0.09145       124       320     0.209    0.3606    0.1515   0.03936   0.06843    0.1105         0
   290/499    0.902G   0.03318     0.057         0   0.09018       106       320    0.2109    0.3606    0.1546   0.03973   0.06821    0.1104         0
   291/499    0.902G   0.03342   0.05773         0   0.09114        78       320    0.2038     0.351    0.1484   0.03883   0.06825    0.1104         0
   292/499    0.902G   0.03321   0.05716         0   0.09036       118       320    0.2102    0.3654    0.1517   0.03927   0.06822    0.1103         0
   293/499    0.902G   0.03327   0.05804         0   0.09131       130       320    0.2088    0.3654    0.1547   0.03939   0.06831    0.1105         0
   294/499    0.902G   0.03325   0.05621         0   0.08946       103       320    0.2108    0.3654    0.1539   0.03968    0.0684    0.1106         0
   295/499    0.902G    0.0333   0.05738         0   0.09068       118       320    0.2086    0.3606    0.1519   0.03925   0.06849    0.1108         0
   296/499    0.902G   0.03335   0.05784         0   0.09118       134       320    0.2141    0.3654    0.1548   0.03954   0.06845    0.1109         0
   297/499    0.902G   0.03312   0.05626         0   0.08937       118       320    0.2159    0.3654    0.1497   0.03815   0.06855    0.1111         0
   298/499    0.902G   0.03345   0.05712         0   0.09057       123       320    0.2165    0.3702    0.1492   0.03847   0.06865    0.1109         0
   299/499    0.902G   0.03294   0.05649         0   0.08943       130       320    0.2131    0.3654     0.149   0.03909   0.06876    0.1109         0
   300/499    0.902G   0.03283   0.05652         0   0.08934        86       320    0.2151    0.3654    0.1503   0.03907   0.06865    0.1109         0
   301/499    0.902G   0.03299   0.05673         0   0.08972       102       320    0.2158    0.3654    0.1498   0.03835   0.06857     0.111         0
   302/499    0.902G   0.03293   0.05638         0    0.0893       110       320    0.2081     0.351    0.1466   0.03791    0.0684    0.1111         0
   303/499    0.902G   0.03281   0.05713         0   0.08994       110       320      0.21     0.351    0.1486   0.03804    0.0685    0.1111         0
   304/499    0.902G   0.03279   0.05674         0   0.08953       111       320    0.2143    0.3558    0.1493   0.03776   0.06842    0.1114         0
   305/499    0.902G   0.03262   0.05612         0   0.08874        90       320    0.2035    0.3365     0.145   0.03771   0.06834    0.1115         0
   306/499    0.902G   0.03289   0.05585         0   0.08874       118       320    0.2158    0.3558    0.1454   0.03671   0.06827    0.1115         0
   307/499    0.902G   0.03266   0.05633         0     0.089       147       320    0.2181    0.3606    0.1464   0.03665   0.06827    0.1116         0
   308/499    0.902G   0.03267    0.0559         0   0.08857        99       320    0.2212    0.3702    0.1508   0.03751   0.06827    0.1115         0
   309/499    0.902G   0.03251   0.05606         0   0.08858       135       320    0.2159    0.3606    0.1467   0.03697   0.06826    0.1115         0
   310/499    0.902G    0.0328   0.05593         0   0.08873       113       320    0.2234    0.3692     0.148   0.03744   0.06825    0.1117         0
   311/499    0.902G   0.03226   0.05686         0   0.08912       118       320    0.2214    0.3663    0.1499   0.03768   0.06824    0.1117         0
   312/499    0.902G   0.03235   0.05472         0   0.08707       115       320    0.2212    0.3654    0.1498   0.03763   0.06827    0.1117         0
   313/499    0.902G   0.03276   0.05562         0   0.08838        90       320    0.2265     0.375    0.1505    0.0374   0.06828    0.1118         0
   314/499    0.902G   0.03227    0.0566         0   0.08888       109       320     0.227     0.375    0.1489   0.03712    0.0683    0.1119         0
   315/499    0.902G   0.03265   0.05536         0   0.08801        71       320    0.2219    0.3648    0.1458   0.03693   0.06836    0.1121         0
   316/499    0.902G   0.03245   0.05637         0   0.08882       103       320    0.2186    0.3558    0.1456   0.03681   0.06845    0.1122         0
   317/499    0.902G   0.03225   0.05584         0   0.08809       125       320    0.2189    0.3558    0.1451   0.03708   0.06848    0.1124         0
   318/499    0.902G   0.03185   0.05416         0   0.08602       111       320    0.2237    0.3654    0.1474   0.03726    0.0685    0.1126         0
   319/499    0.902G   0.03208   0.05478         0   0.08686       111       320    0.2206    0.3606     0.147   0.03747   0.06849    0.1127         0
   320/499    0.902G   0.03208   0.05623         0   0.08831       122       320    0.2269    0.3702    0.1486   0.03751   0.06851    0.1129         0
   321/499    0.902G   0.03207   0.05578         0   0.08785       129       320    0.2161    0.3525    0.1427   0.03702   0.06856    0.1131         0
   322/499    0.902G   0.03198    0.0563         0   0.08829        96       320    0.2185    0.3558    0.1427   0.03722   0.06859    0.1132         0
   323/499    0.902G   0.03233   0.05401         0   0.08634        68       320    0.2178     0.351    0.1429    0.0372   0.06858    0.1133         0
   324/499    0.902G   0.03187   0.05539         0   0.08726       129       320    0.2197    0.3558    0.1428   0.03691   0.06858    0.1134         0
   325/499    0.902G   0.03241   0.05603         0   0.08844        92       320    0.2164    0.3558    0.1428   0.03703   0.06857    0.1135         0
   326/499    0.902G   0.03175   0.05515         0    0.0869       120       320    0.2142    0.3558    0.1427   0.03723   0.06857    0.1136         0
   327/499    0.902G   0.03199   0.05592         0   0.08791        86       320    0.2143    0.3558    0.1427   0.03748   0.06861    0.1137         0
   328/499    0.902G   0.03113   0.05502         0   0.08615       139       320    0.2153    0.3558    0.1433   0.03763    0.0686    0.1138         0
   329/499    0.902G   0.03153    0.0547         0   0.08623        63       320    0.2136    0.3558    0.1433   0.03754   0.06861     0.114         0
   330/499    0.902G   0.03151   0.05481         0   0.08632       100       320    0.2117     0.351    0.1417    0.0373    0.0686    0.1141         0
   331/499    0.902G   0.03172   0.05533         0   0.08705       120       320    0.2111     0.351    0.1411   0.03732   0.06859    0.1143         0
   332/499    0.902G   0.03153   0.05487         0   0.08639       109       320    0.2116     0.351    0.1422   0.03758   0.06858    0.1143         0
   333/499    0.902G   0.03161   0.05476         0   0.08637       151       320     0.211     0.351     0.143   0.03761   0.06855    0.1143         0
   334/499    0.902G   0.03141   0.05409         0    0.0855       110       320    0.2102     0.351    0.1418   0.03795   0.06856    0.1144         0
   335/499    0.902G   0.03147   0.05418         0   0.08565        89       320    0.2129    0.3558    0.1413   0.03685   0.06857    0.1144         0
   336/499    0.902G   0.03108   0.05497         0   0.08605       123       320    0.2138    0.3555    0.1427   0.03679   0.06859    0.1145         0
   337/499    0.902G   0.03132   0.05421         0   0.08553       109       320    0.2125     0.351    0.1419   0.03675    0.0686    0.1146         0
   338/499    0.902G   0.03145   0.05492         0   0.08637       109       320    0.2109    0.3462    0.1431   0.03683   0.06859    0.1147         0
   339/499    0.902G    0.0309   0.05563         0   0.08653       113       320    0.2116    0.3462    0.1426   0.03668   0.06857    0.1147         0
   340/499    0.902G   0.03114   0.05458         0   0.08572       111       320     0.212    0.3462    0.1415   0.03689   0.06853    0.1147         0
   341/499    0.902G   0.03138   0.05462         0     0.086        87       320    0.2145     0.351    0.1422   0.03675   0.06849    0.1148         0
   342/499    0.902G   0.03144   0.05422         0   0.08565       110       320    0.2145     0.351    0.1429   0.03694   0.06849    0.1149         0
   343/499    0.902G    0.0311   0.05347         0   0.08456        82       320    0.2147     0.351    0.1428   0.03757    0.0685    0.1149         0
   344/499    0.902G   0.03104   0.05308         0   0.08412       119       320    0.2159     0.351    0.1435   0.03783   0.06846    0.1149         0
   345/499    0.902G   0.03113   0.05466         0   0.08579       121       320    0.2156    0.3516    0.1438   0.03797   0.06846    0.1149         0
   346/499    0.902G   0.03096   0.05359         0   0.08455        99       320    0.2131    0.3462    0.1443   0.03828    0.0685    0.1149         0
   347/499    0.902G   0.03127   0.05499         0   0.08625       114       320    0.2104    0.3413    0.1409   0.03808   0.06851    0.1149         0
   348/499    0.902G   0.03057   0.05329         0   0.08386        96       320    0.2116    0.3413    0.1395    0.0374   0.06857     0.115         0
   349/499    0.902G   0.03074   0.05303         0   0.08377       119       320    0.2114    0.3413    0.1396   0.03762   0.06862     0.115         0
   350/499    0.902G   0.03087   0.05375         0   0.08462       132       320    0.2111    0.3421    0.1404   0.03769   0.06865    0.1151         0
   351/499    0.902G   0.03052   0.05432         0   0.08484       142       320    0.2118    0.3413    0.1419   0.03758   0.06868    0.1152         0
   352/499    0.902G   0.03076   0.05489         0   0.08565       148       320    0.2117    0.3413    0.1421   0.03759   0.06868    0.1152         0
   353/499    0.902G   0.03081   0.05423         0   0.08504       126       320    0.2107    0.3413    0.1418   0.03804   0.06872    0.1153         0
   354/499    0.902G   0.03071   0.05279         0    0.0835       149       320    0.2179     0.351    0.1485   0.03801   0.06876    0.1153         0
   355/499    0.902G    0.0304   0.05422         0   0.08463       138       320    0.2171     0.351    0.1483    0.0386   0.06878    0.1153         0
   356/499    0.902G   0.03039    0.0528         0    0.0832        75       320    0.2192    0.3558    0.1491   0.03827   0.06878    0.1153         0
   357/499    0.902G   0.03047   0.05169         0   0.08216       115       320    0.2157     0.351    0.1452   0.03788   0.06876    0.1154         0
   358/499    0.902G   0.03048   0.05347         0   0.08395        91       320    0.2192    0.3558    0.1502   0.03886   0.06874    0.1154         0
   359/499    0.902G    0.0305   0.05405         0   0.08455       139       320    0.2199    0.3577    0.1491   0.03854   0.06871    0.1154         0
   360/499    0.902G   0.03054   0.05266         0    0.0832       112       320    0.2187    0.3606    0.1494   0.03813    0.0687    0.1154         0
   361/499    0.902G   0.03069   0.05351         0    0.0842       162       320     0.218    0.3606    0.1502   0.03809   0.06867    0.1154         0
   362/499    0.902G   0.03033   0.05238         0    0.0827       102       320     0.219    0.3606    0.1494   0.03873   0.06866    0.1153         0
   363/499    0.902G   0.03019   0.05351         0    0.0837       147       320    0.2161    0.3558    0.1467   0.03819   0.06867    0.1154         0
   364/499    0.902G    0.0303   0.05216         0   0.08245        94       320    0.2185    0.3589    0.1474   0.03809   0.06867    0.1154         0
   365/499    0.902G   0.03005   0.05361         0   0.08367       119       320    0.2214    0.3654    0.1482     0.038   0.06869    0.1154         0
   366/499    0.902G    0.0301   0.05306         0   0.08315       111       320    0.2254    0.3702    0.1523   0.03888    0.0687    0.1155         0
   367/499    0.902G   0.03031   0.05322         0   0.08353       121       320    0.2223    0.3654    0.1509   0.03891   0.06873    0.1155         0
   368/499    0.902G    0.0301   0.05166         0   0.08176       112       320    0.2224    0.3654    0.1513   0.03881   0.06873    0.1155         0
   369/499    0.902G   0.03021   0.05253         0   0.08273       122       320    0.2259    0.3702    0.1564   0.03914   0.06873    0.1155         0
   370/499    0.902G   0.03011    0.0518         0    0.0819       109       320     0.225    0.3702    0.1567   0.03949   0.06873    0.1155         0
   371/499    0.902G   0.02997   0.05283         0   0.08281        86       320    0.2255    0.3702    0.1563    0.0394   0.06874    0.1155         0
   372/499    0.902G   0.03004   0.05367         0    0.0837       123       320    0.2249    0.3702    0.1563   0.03956   0.06874    0.1155         0
   373/499    0.902G   0.02966    0.0519         0   0.08157       119       320    0.2277    0.3727    0.1559   0.03983   0.06874    0.1155         0
   374/499    0.902G   0.02971   0.05149         0    0.0812       150       320    0.2287    0.3749    0.1556   0.03979   0.06875    0.1155         0
   375/499    0.902G    0.0302    0.0536         0    0.0838       159       320    0.2284     0.375    0.1564   0.03963   0.06875    0.1155         0
   376/499    0.902G   0.02969   0.05227         0   0.08195        95       320    0.2287     0.375    0.1565   0.03966   0.06877    0.1155         0
   377/499    0.902G   0.02988   0.05327         0   0.08315       131       320    0.2282    0.3724    0.1535   0.03942    0.0688    0.1155         0
   378/499    0.902G   0.02994   0.05132         0   0.08126        92       320    0.2281     0.375    0.1527   0.03867   0.06879    0.1155         0
   379/499    0.902G   0.02948   0.05196         0   0.08144       107       320    0.2293     0.375    0.1517   0.03848   0.06882    0.1155         0
   380/499    0.902G   0.02958   0.05234         0   0.08192       110       320    0.2272    0.3702    0.1514   0.03848   0.06883    0.1155         0
   381/499    0.902G   0.02974   0.05246         0    0.0822       132       320    0.2272    0.3702     0.152   0.03856   0.06882    0.1155         0
   382/499    0.902G   0.02969   0.05233         0   0.08202       100       320    0.2268    0.3702    0.1515    0.0389   0.06882    0.1155         0
   383/499    0.902G   0.02949   0.05184         0   0.08132        93       320    0.2267    0.3702    0.1517   0.03873   0.06881    0.1155         0
   384/499    0.902G   0.02929   0.05047         0   0.07975       136       320    0.2291     0.375    0.1557     0.039   0.06879    0.1155         0
   385/499    0.902G   0.02939    0.0506         0   0.07999       123       320    0.2319    0.3798    0.1578   0.03937   0.06878    0.1156         0
   386/499    0.902G   0.02958   0.05252         0   0.08211       114       320    0.2289     0.375    0.1574   0.03945   0.06878    0.1156         0
   387/499    0.902G   0.02966   0.05091         0   0.08057       132       320    0.2289     0.375    0.1574   0.03954   0.06879    0.1156         0
   388/499    0.902G   0.02968   0.05289         0   0.08258       110       320    0.2291     0.375    0.1573   0.03969    0.0688    0.1156         0
   389/499    0.902G   0.02941   0.05211         0   0.08153       116       320    0.2273    0.3702    0.1575   0.03966    0.0688    0.1157         0
   390/499    0.902G   0.02922   0.05075         0   0.07997       145       320    0.2275    0.3702    0.1575   0.03959   0.06882    0.1157         0
   391/499    0.902G   0.02899   0.05061         0   0.07961       104       320    0.2278    0.3702    0.1553   0.03897   0.06883    0.1157         0
   392/499    0.902G   0.02952    0.0521         0   0.08163       113       320     0.227    0.3702    0.1565   0.03963   0.06885    0.1157         0
   393/499    0.902G   0.02917    0.0511         0   0.08027       110       320    0.2303     0.375    0.1595   0.03999   0.06886    0.1157         0
   394/499    0.902G   0.02916   0.05138         0   0.08054       134       320     0.228    0.3702    0.1587   0.03974   0.06887    0.1158         0
   395/499    0.902G   0.02938   0.05136         0   0.08074       116       320    0.2218    0.3606    0.1563    0.0395   0.06887    0.1158         0
   396/499    0.902G   0.02883   0.05101         0   0.07985       102       320    0.2258    0.3654    0.1592   0.03965   0.06887    0.1158         0
   397/499    0.902G   0.02902   0.05224         0   0.08127        95       320    0.2267    0.3692    0.1595   0.03961   0.06887    0.1158         0
   398/499    0.902G    0.0294   0.05027         0   0.07967       115       320     0.226    0.3702    0.1584   0.03932   0.06888    0.1158         0
   399/499    0.902G   0.02927   0.05277         0   0.08204       118       320    0.2286     0.375    0.1617   0.03997   0.06889    0.1159         0
   400/499    0.902G   0.02906   0.05186         0   0.08092       114       320    0.2213    0.3606    0.1569   0.03917   0.06891    0.1159         0
   401/499    0.902G   0.02901   0.05042         0   0.07943       105       320    0.2269    0.3702    0.1612   0.03955   0.06894    0.1159         0
   402/499    0.902G   0.02883   0.04982         0   0.07865       115       320     0.227    0.3702    0.1614   0.03976   0.06896     0.116         0
   403/499    0.902G   0.02881   0.05132         0   0.08013       108       320    0.2279    0.3702     0.161    0.0399   0.06898     0.116         0
   404/499    0.902G   0.02907   0.05076         0   0.07982       123       320     0.228    0.3702    0.1614   0.04001     0.069     0.116         0
   405/499    0.902G    0.0287   0.05033         0   0.07903       122       320    0.2281    0.3702    0.1616   0.03995     0.069    0.1161         0
   406/499    0.902G   0.02876   0.05107         0   0.07983       133       320    0.2284    0.3702    0.1607   0.04017   0.06901    0.1161         0
   407/499    0.902G   0.02862   0.05089         0   0.07951       147       320    0.2263    0.3654    0.1593   0.03989   0.06903    0.1161         0
   408/499    0.902G   0.02871   0.05122         0   0.07993       107       320    0.2293    0.3702    0.1601   0.04014   0.06903    0.1162         0
   409/499    0.902G    0.0289   0.05014         0   0.07904       114       320    0.2322     0.375    0.1637   0.04071   0.06903    0.1161         0
   410/499    0.902G   0.02908   0.05061         0   0.07969        75       320    0.2324     0.375    0.1632   0.04067   0.06902    0.1162         0
   411/499    0.902G   0.02858   0.05093         0   0.07951       136       320    0.2314     0.375    0.1586   0.03983   0.06903    0.1162         0
   412/499    0.902G   0.02894   0.05193         0   0.08087        98       320    0.2309     0.375    0.1583   0.03979   0.06904    0.1162         0
   413/499    0.902G    0.0286   0.05119         0   0.07979       118       320    0.2317     0.375    0.1583   0.03975   0.06904    0.1162         0
   414/499    0.902G   0.02851   0.05061         0   0.07911        92       320    0.2338    0.3798    0.1608   0.03984   0.06904    0.1162         0
   415/499    0.902G   0.02828   0.05063         0   0.07891       101       320    0.2317     0.375      0.16   0.03978   0.06904    0.1162         0
   416/499    0.902G   0.02843   0.05079         0   0.07922       105       320    0.2244    0.3654     0.156   0.03929   0.06903    0.1162         0
   417/499    0.902G   0.02851   0.05146         0   0.07997       140       320    0.2246    0.3654    0.1562   0.03951   0.06905    0.1162         0
   418/499    0.902G   0.02845   0.05061         0   0.07906        82       320    0.2227    0.3654    0.1577    0.0393   0.06904    0.1162         0
   419/499    0.902G   0.02814   0.05017         0   0.07831        95       320    0.2224    0.3654    0.1577   0.03943   0.06903    0.1162         0
   420/499    0.902G   0.02803   0.05035         0   0.07839        88       320    0.2218    0.3654    0.1577   0.03953   0.06904    0.1163         0
   421/499    0.902G   0.02823   0.05109         0   0.07932        94       320    0.2206    0.3654    0.1576   0.03936   0.06905    0.1163         0
   422/499    0.902G   0.02807      0.05         0   0.07807       131       320    0.2206    0.3654    0.1571   0.03953   0.06906    0.1163         0
   423/499    0.902G   0.02828   0.05001         0   0.07829        93       320    0.2211    0.3654    0.1576   0.03962   0.06908    0.1163         0
   424/499    0.902G    0.0283   0.05044         0   0.07874        87       320     0.221    0.3654    0.1574   0.03952   0.06909    0.1164         0
   425/499    0.902G   0.02866   0.05159         0   0.08024       110       320     0.221    0.3654    0.1569   0.03961    0.0691    0.1164         0
   426/499    0.902G   0.02885   0.05209         0   0.08095       111       320    0.2215    0.3654    0.1569   0.03951   0.06911    0.1164         0
   427/499    0.902G   0.02864   0.05084         0   0.07949       102       320    0.2215    0.3654    0.1574   0.03973   0.06912    0.1164         0
   428/499    0.902G    0.0282   0.05053         0   0.07873       138       320    0.2212    0.3654    0.1583   0.03979   0.06913    0.1165         0
   429/499    0.902G   0.02835   0.05041         0   0.07876       116       320    0.2207    0.3654    0.1583    0.0397   0.06915    0.1165         0
   430/499    0.902G   0.02862   0.05027         0   0.07889       124       320    0.2217    0.3654     0.158   0.03972   0.06916    0.1165         0
   431/499    0.902G   0.02817   0.05103         0   0.07919       134       320    0.2219    0.3654    0.1575   0.03961   0.06916    0.1166         0
   432/499    0.902G   0.02806   0.05119         0   0.07925       125       320    0.2215    0.3654    0.1573   0.03975   0.06918    0.1166         0
   433/499    0.902G   0.02801   0.05042         0   0.07843       111       320    0.2214    0.3654    0.1573   0.03969   0.06917    0.1167         0
   434/499    0.902G   0.02835    0.0502         0   0.07855       103       320    0.2232    0.3654    0.1577   0.03964   0.06918    0.1167         0
   435/499    0.902G   0.02829   0.04959         0   0.07788       117       320    0.2223    0.3654    0.1577   0.03946    0.0692    0.1167         0
   436/499    0.902G   0.02792   0.04971         0   0.07763       128       320    0.2225    0.3654     0.157    0.0396    0.0692    0.1167         0
   437/499    0.902G   0.02756    0.0489         0   0.07646       124       320    0.2225    0.3654     0.158    0.0397   0.06922    0.1167         0
   438/499    0.902G   0.02775    0.0495         0   0.07725        90       320    0.2196    0.3606    0.1562   0.03955   0.06925    0.1168         0
   439/499    0.902G    0.0277   0.04996         0   0.07766       114       320    0.2217    0.3629    0.1565    0.0396   0.06925    0.1168         0
   440/499    0.902G   0.02799   0.04996         0   0.07794       103       320    0.2196    0.3606    0.1566   0.03968   0.06926    0.1168         0
   441/499    0.902G   0.02773   0.04859         0   0.07632        91       320      0.22    0.3606    0.1566   0.03966   0.06927    0.1168         0
   442/499    0.902G    0.0279   0.04913         0   0.07702        85       320    0.2194    0.3606    0.1564   0.03949   0.06928    0.1168         0
   443/499    0.902G   0.02745   0.05048         0   0.07793       108       320    0.2194    0.3606    0.1561   0.03942   0.06928    0.1168         0
   444/499    0.902G   0.02772   0.04995         0   0.07766       110       320    0.2194    0.3606    0.1569   0.03967   0.06928    0.1169         0
   445/499    0.902G   0.02778   0.04989         0   0.07768       112       320    0.2192    0.3606    0.1566    0.0397   0.06928    0.1169         0
   446/499    0.902G   0.02805   0.05098         0   0.07903        92       320    0.2193    0.3606    0.1569   0.03985   0.06929    0.1169         0
   447/499    0.902G     0.028   0.05039         0   0.07838       121       320    0.2186    0.3606    0.1562   0.03958   0.06929    0.1169         0
   448/499    0.902G   0.02814   0.05022         0   0.07836       128       320    0.2211    0.3606    0.1563   0.03925   0.06929    0.1169         0
   449/499    0.902G   0.02763   0.04928         0   0.07691        94       320    0.2202    0.3606    0.1567   0.03939   0.06928     0.117         0
   450/499    0.902G   0.02765   0.04941         0   0.07705       111       320    0.2203    0.3606    0.1568   0.03938   0.06927     0.117         0
   451/499    0.902G   0.02764   0.04975         0    0.0774       109       320    0.2199    0.3606    0.1559   0.03934   0.06928    0.1171         0
   452/499    0.902G   0.02767   0.04943         0    0.0771       129       320      0.22    0.3606    0.1548   0.03923   0.06926    0.1172         0
   453/499    0.902G   0.02773   0.04914         0   0.07687        88       320    0.2193    0.3606    0.1545   0.03904   0.06925    0.1172         0
   454/499    0.902G   0.02755   0.04897         0   0.07652       107       320    0.2191    0.3606    0.1552   0.03905   0.06925    0.1173         0
   455/499    0.902G   0.02731   0.04934         0   0.07665        99       320    0.2204    0.3606    0.1553   0.03905   0.06925    0.1173         0
   456/499    0.902G   0.02752   0.04835         0   0.07587        79       320    0.2236    0.3654    0.1565    0.0392   0.06925    0.1174         0
   457/499    0.902G   0.02771   0.04973         0   0.07744        91       320    0.2234    0.3654     0.156   0.03911   0.06926    0.1174         0
   458/499    0.902G   0.02731   0.04898         0   0.07629       136       320    0.2236    0.3654    0.1572    0.0387   0.06926    0.1175         0
   459/499    0.902G   0.02756   0.05041         0   0.07797        95       320    0.2242    0.3654    0.1572    0.0388   0.06926    0.1175         0
   460/499    0.902G   0.02741   0.04954         0   0.07695       128       320    0.2251    0.3654    0.1571   0.03893   0.06924    0.1176         0
   461/499    0.902G   0.02754   0.04945         0   0.07699       125       320    0.2251    0.3654    0.1565   0.03861   0.06924    0.1176         0
   462/499    0.902G   0.02756   0.04939         0   0.07695       106       320    0.2253    0.3654    0.1568   0.04043   0.06924    0.1176         0
   463/499    0.902G   0.02733   0.04915         0   0.07648        97       320    0.2245    0.3654     0.158   0.04074   0.06923    0.1177         0
   464/499    0.902G   0.02736   0.05016         0   0.07752        90       320    0.2246    0.3654    0.1575   0.04046   0.06923    0.1177         0
   465/499    0.902G   0.02745   0.04943         0   0.07688       105       320     0.225    0.3654    0.1574   0.04039   0.06923    0.1177         0
   466/499    0.902G   0.02738   0.04899         0   0.07636       111       320    0.2258    0.3654     0.157   0.04025   0.06922    0.1178         0
   467/499    0.902G    0.0273   0.04836         0   0.07566       117       320    0.2256    0.3654    0.1563   0.03988   0.06922    0.1178         0
   468/499    0.902G   0.02741   0.04838         0   0.07579        89       320    0.2256    0.3654    0.1564   0.04062   0.06921    0.1178         0
   469/499    0.902G   0.02716    0.0486         0   0.07576        78       320    0.2253    0.3654    0.1562   0.04055   0.06921    0.1179         0
   470/499    0.902G   0.02719   0.04917         0   0.07636       145       320    0.2249    0.3654    0.1564   0.04073   0.06921    0.1179         0
   471/499    0.902G   0.02742   0.04853         0   0.07594        95       320    0.2249    0.3654    0.1573   0.04063   0.06922    0.1179         0
   472/499    0.902G    0.0275   0.04971         0    0.0772       110       320    0.2247    0.3654     0.157   0.04109   0.06923     0.118         0
   473/499    0.902G   0.02747    0.0481         0   0.07557       121       320    0.2245    0.3654    0.1569   0.04109   0.06924     0.118         0
   474/499    0.902G   0.02733   0.04956         0   0.07689       135       320    0.2244    0.3654    0.1573   0.04115   0.06923    0.1181         0
   475/499    0.902G   0.02731   0.04979         0    0.0771       144       320    0.2273    0.3702    0.1568   0.04063   0.06924    0.1181         0
   476/499    0.902G   0.02727   0.04767         0   0.07494       118       320    0.2244    0.3654    0.1554   0.04064   0.06924    0.1181         0
   477/499    0.902G    0.0275   0.04937         0   0.07687       123       320    0.2251    0.3654    0.1534   0.04053   0.06924    0.1181         0
   478/499    0.902G   0.02748    0.0482         0   0.07568       118       320    0.2244    0.3654    0.1554   0.04017   0.06924    0.1181         0
   479/499    0.902G   0.02689   0.04799         0   0.07488       106       320    0.2278    0.3702    0.1533    0.0399   0.06923    0.1182         0
   480/499    0.902G   0.02724   0.04964         0   0.07688       148       320    0.2271    0.3702    0.1544   0.03979   0.06923    0.1182         0
   481/499    0.902G   0.02716   0.04987         0   0.07703        87       320    0.2273    0.3702     0.153   0.03989   0.06923    0.1182         0
   482/499    0.902G   0.02699   0.04897         0   0.07596        80       320    0.2276    0.3702    0.1535   0.03991   0.06923    0.1182         0
   483/499    0.902G   0.02711    0.0481         0   0.07521        98       320    0.2275    0.3702    0.1534   0.03989   0.06923    0.1183         0
   484/499    0.902G   0.02728   0.04904         0   0.07632       112       320     0.227    0.3702    0.1534   0.03974   0.06924    0.1183         0
   485/499    0.902G   0.02689   0.04828         0   0.07517       137       320    0.2303     0.375     0.154    0.0399   0.06926    0.1183         0
   486/499    0.902G   0.02705   0.04877         0   0.07582        93       320    0.2302     0.375    0.1541   0.03984   0.06928    0.1183         0
   487/499    0.902G   0.02736   0.04992         0   0.07727       130       320    0.2301     0.375    0.1541    0.0398   0.06929    0.1183         0
   488/499    0.902G   0.02719   0.04855         0   0.07574        89       320    0.2303     0.375    0.1527    0.0396   0.06929    0.1183         0
   489/499    0.902G    0.0273   0.05015         0   0.07746        80       320    0.2302     0.375    0.1532   0.03963   0.06931    0.1183         0
   490/499    0.902G   0.02698   0.04847         0   0.07545       123       320    0.2301     0.375    0.1529   0.03951   0.06932    0.1184         0
   491/499    0.902G   0.02678   0.04781         0   0.07459       114       320    0.2306     0.375    0.1534   0.03947   0.06933    0.1184         0
   492/499    0.902G   0.02698   0.04884         0   0.07581        79       320    0.2297     0.375    0.1533   0.03917   0.06936    0.1184         0
   493/499    0.902G   0.02682   0.04784         0   0.07466       115       320    0.2304     0.375    0.1531   0.03926   0.06938    0.1184         0
   494/499    0.902G   0.02691   0.04902         0   0.07593       106       320    0.2305     0.375    0.1526    0.0392   0.06939    0.1184         0
   495/499    0.902G   0.02702     0.049         0   0.07602        74       320    0.2312     0.375    0.1526   0.03926   0.06941    0.1184         0
   496/499    0.902G   0.02677    0.0482         0   0.07497        83       320    0.2311     0.375    0.1527   0.03912   0.06942    0.1185         0
   497/499    0.902G   0.02706   0.04788         0   0.07494        94       320    0.2304     0.375    0.1526   0.03895   0.06942    0.1185         0
   498/499    0.902G   0.02729   0.04888         0   0.07616        91       320    0.2305     0.375    0.1519   0.03881   0.06942    0.1186         0
   499/499    0.902G   0.02703   0.04785         0   0.07488        78       320    0.2297     0.375    0.1525   0.03882   0.06944    0.1186         0
