0 0.7984375 0.1796875 0.1125 0.09375
0 0.65625 0.4296875 0.071875 0.040625
0 0.446875 0.0359375 0.05625 0.04375
0 0.540625 0.0640625 0.065625 0.05625
0 0.5828125 0.3796875 0.071875 0.0625
0 0.328125 0.034375 0.084375 0.053125
0 0.34375 0.1234375 0.071875 0.0625
0 0.671875 0.125 0.065625 0.053125
0 0.65 0.978125 0.065625 0.025
0 0.5671875 0.725 0.040625 0.034375
0 0.3796875 0.55625 0.05 0.0625
0 0.0234375 0.759375 0.046875 0.05625
0 0.1671875 0.79375 0.065625 0.053125
0 0.26875 0.75 0.0625 0.05
0 0.33125 0.3125 0.046875 0.0375
0 0.6328125 0.8 0.071875 0.0625
0 0.2765625 0.9015625 0.03125 0.040625