0 0.059375 0.7046875 0.046875 0.05625
0 0.059375 0.4328125 0.071875 0.05625
0 0.2703125 0.94375 0.059375 0.05625
0 0.584375 0.8171875 0.053125 0.040625
0 0.3359375 0.696875 0.059375 0.05
0 0.4921875 0.584375 0.071875 0.06875
0 0.709375 0.5765625 0.08125 0.040625
0 0.66875 0.384375 0.046875 0.05625
0 0.9390625 0.4390625 0.059375 0.040625
0 0.81875 0.1578125 0.03125 0.040625
0 0.74375 0.225 0.053125 0.053125
0 0.5875 0.3328125 0.04375 0.04375
0 0.4421875 0.403125 0.046875 0.04375
0 0.165625 0.4953125 0.059375 0.05
0 0.078125 0.25 0.059375 0.053125
0 0.3125 0.196875 0.065625 0.053125
0 0.425 0.084375 0.053125 0.04375