0 0.7359375 0.59375 0.1 0.1125
0 0.8234375 0.765625 0.084375 0.090625
0 0.5890625 0.7234375 0.0875 0.08125
0 0.55 0.825 0.1 0.090625
0 0.7625 0.8921875 0.0875 0.08125
0 0.4609375 0.83125 0.115625 0.0875
0 0.4078125 0.653125 0.090625 0.0875
0 0.346875 0.325 0.090625 0.08125
0 0.184375 0.340625 0.040625 0.04375
0 0.1515625 0.8328125 0.046875 0.0375
0 0.03125 0.971875 0.0625 0.05
0 0.0328125 0.765625 0.065625 0.09375
0 0.884375 0.6546875 0.0875 0.071875
0 0.89375 0.5421875 0.084375 0.065625
0 0.2953125 0.9015625 0.090625 0.125