0 0.9828125 0.7015625 0.028125 0.078125
0 0.896875 0.425 0.0875 0.078125
0 0.8921875 0.94375 0.075 0.075
0 0.540625 0.821875 0.0625 0.053125
0 0.7328125 0.6953125 0.071875 0.06875
0 0.5390625 0.5828125 0.090625 0.090625
0 0.33125 0.5828125 0.09375 0.0625
0 0.2921875 0.3859375 0.0625 0.071875
0 0.05625 0.446875 0.06875 0.05625
0 0.0609375 0.159375 0.04375 0.053125
0 0.1609375 0.2265625 0.065625 0.06875
0 0.3546875 0.33125 0.053125 0.05625
0 0.51875 0.4015625 0.05625 0.05625
0 0.8203125 0.4875 0.071875 0.06875
0 0.809375 0.240625 0.071875 0.071875
0 0.5640625 0.190625 0.078125 0.071875
0 0.4109375 0.078125 0.065625 0.05625