0 0.9734375 0.2921875 0.046875 0.071875
0 0.946875 0.65625 0.059375 0.0625
0 0.8390625 0.546875 0.04375 0.0375
0 0.7515625 0.63125 0.04375 0.053125
0 0.8234375 0.875 0.046875 0.065625
0 0.615625 0.5140625 0.096875 0.0625
0 0.74375 0.5171875 0.03125 0.025
0 0.4109375 0.653125 0.021875 0.059375
0 0.353125 0.6765625 0.08125 0.040625
0 0.525 0.4796875 0.0625 0.04375
0 0.3421875 0.45625 0.04375 0.040625
0 0.2484375 0.375 0.059375 0.05625
0 0.2046875 0.5296875 0.04375 0.040625
0 0.353125 0.5859375 0.0625 0.04375
0 0.528125 0.7890625 0.059375 0.0625
0 0.515625 0.9359375 0.0625 0.04375
0 0.278125 0.9296875 0.06875 0.09375
0 0.1578125 0.7328125 0.065625 0.05625
0 0.2625 0.5828125 0.028125 0.025
0 0.03125 0.9328125 0.0625 0.053125
0 0.096875 0.9421875 0.0375 0.046875