0 0.7546875 0.3296875 0.0875 0.115625
0 0.865625 0.125 0.06875 0.09375
0 0.6234375 0.2390625 0.075 0.084375
0 0.596875 0.1453125 0.084375 0.09375
0 0.8234375 0.0265625 0.078125 0.053125
0 0.509375 0.165625 0.096875 0.09375
0 0.428125 0.3703125 0.078125 0.090625
0 0.31875 0.728125 0.078125 0.084375
0 0.15625 0.7625 0.034375 0.046875
0 0.1984375 0.2546875 0.040625 0.040625
0 0.0796875 0.1359375 0.08125 0.084375
0 0.046875 0.3703125 0.084375 0.09375
0 0.915625 0.2234375 0.075 0.071875
0 0.9078125 0.3359375 0.06875 0.065625
0 0.353125 0.14375 0.08125 0.13125