0 0.2625 0.8640625 0.096875 0.10625
0 0.3546875 0.596875 0.0625 0.04375
0 0.6390625 0.9375 0.05 0.046875
0 0.5421875 0.9234375 0.053125 0.0625
0 0.4390625 0.6328125 0.059375 0.06875
0 0.7578125 0.9171875 0.06875 0.05625
0 0.725 0.8328125 0.059375 0.06875
0 0.396875 0.8921875 0.053125 0.05625
0 0.2609375 0.059375 0.05 0.040625
0 0.3921875 0.2953125 0.034375 0.040625
0 0.6078125 0.4265625 0.040625 0.071875
0 0.9390625 0.1578125 0.046875 0.05625
0 0.7796875 0.1546875 0.053125 0.05625
0 0.6859375 0.215625 0.05 0.053125
0 0.703125 0.65 0.040625 0.04375
0 0.3109375 0.2375 0.059375 0.06875
0 0.6484375 0.071875 0.028125 0.046875