0 0.7890625 0.8296875 0.109375 0.096875
0 0.65625 0.5765625 0.071875 0.04375
0 0.4375 0.9578125 0.05625 0.046875
0 0.53125 0.9328125 0.0625 0.059375
0 0.5796875 0.6234375 0.071875 0.065625
0 0.31875 0.95625 0.08125 0.05625
0 0.334375 0.8671875 0.071875 0.065625
0 0.6625 0.878125 0.0625 0.05625
0 0.6578125 0.03125 0.059375 0.034375
0 0.5703125 0.278125 0.0375 0.0375
0 0.3828125 0.440625 0.05 0.065625
0 0.025 0.2203125 0.05 0.059375
0 0.1734375 0.19375 0.0625 0.05625
0 0.271875 0.240625 0.059375 0.053125
0 0.328125 0.678125 0.046875 0.040625
0 0.6390625 0.209375 0.071875 0.065625
0 0.2859375 0.0921875 0.03125 0.04375