0 0.025 0.7921875 0.05 0.065625
0 0.0078125 0.9078125 0.015625 0.046875
0 0.165625 0.8390625 0.059375 0.053125
0 0.1984375 0.6015625 0.078125 0.0625
0 0.3703125 0.9078125 0.059375 0.05625
0 0.3875 0.8453125 0.0375 0.05
0 0.3765625 0.7734375 0.05625 0.053125
0 0.60625 0.6515625 0.071875 0.0625
0 0.590625 0.834375 0.05625 0.0625
0 0.8109375 0.921875 0.04375 0.078125
0 0.1953125 0.41875 0.05625 0.053125
0 0.6453125 0.95 0.059375 0.071875
0 0.7265625 0.9015625 0.059375 0.05625
0 0.95 0.6984375 0.03125 0.040625