0 0.0171875 0.2828125 0.034375 0.071875
0 0.078125 0.6484375 0.059375 0.0625
0 0.1703125 0.54375 0.046875 0.040625
0 0.265625 0.6296875 0.04375 0.05625
0 0.225 0.871875 0.046875 0.06875
0 0.3875 0.5140625 0.1 0.0625
0 0.259375 0.5140625 0.03125 0.028125
0 0.60625 0.6546875 0.021875 0.0625
0 0.665625 0.678125 0.084375 0.040625
0 0.471875 0.478125 0.06875 0.04375
0 0.6515625 0.45625 0.046875 0.04375
0 0.734375 0.3765625 0.059375 0.05625
0 0.796875 0.5328125 0.046875 0.04375
0 0.6546875 0.5875 0.06875 0.04375
0 0.5046875 0.7875 0.059375 0.0625
0 0.5390625 0.9375 0.06875 0.04375
0 0.7734375 0.934375 0.075 0.096875
0 0.865625 0.7375 0.06875 0.05625
0 0.7453125 0.5859375 0.028125 0.028125
0 0.9546875 0.95 0.034375 0.05