0 0.7484375 0.1515625 0.096875 0.109375
0 0.684375 0.0875 0.06875 0.05
0 0.615625 0.3390625 0.071875 0.05
0 0.7734375 0.2203125 0.065625 0.071875
0 0.8265625 0.34375 0.071875 0.078125
0 0.95625 0.571875 0.046875 0.053125
0 0.9171875 0.41875 0.109375 0.096875
0 0.784375 0.8734375 0.0625 0.065625
0 0.6953125 0.9359375 0.11875 0.1125
0 0.634375 0.853125 0.053125 0.053125
0 0.1171875 0.6484375 0.078125 0.0875
0 0.3140625 0.5 0.11875 0.1125
0 0.271875 0.4015625 0.071875 0.090625
0 0.58125 0.434375 0.096875 0.084375
0 0.21875 0.0921875 0.084375 0.075
0 0.253125 0.1875 0.096875 0.0625
0 0.421875 0.3078125 0.109375 0.1125
0 0.459375 0.153125 0.06875 0.04375