0 0.0390625 0.8546875 0.078125 0.071875
0 0.034375 0.965625 0.03125 0.046875
0 0.1953125 0.875 0.06875 0.059375
0 0.2046875 0.6421875 0.0875 0.06875
0 0.4109375 0.9140625 0.06875 0.0625
0 0.4234375 0.8515625 0.046875 0.053125
0 0.403125 0.78125 0.065625 0.059375
0 0.625 0.6328125 0.078125 0.06875
0 0.628125 0.8078125 0.065625 0.06875
0 0.8625 0.8609375 0.05 0.084375
0 0.1828125 0.465625 0.065625 0.059375
0 0.696875 0.9125 0.06875 0.08125
0 0.771875 0.8546875 0.06875 0.0625
0 0.965625 0.63125 0.015625 0.046875