0 0.728125 0.1328125 0.1 0.1125
0 0.6609375 0.071875 0.071875 0.053125
0 0.60625 0.33125 0.075 0.053125
0 0.7515625 0.2 0.06875 0.071875
0 0.8125 0.321875 0.075 0.084375
0 0.953125 0.5484375 0.046875 0.05625
0 0.9015625 0.39375 0.1125 0.1
0 0.7984375 0.8609375 0.0625 0.065625
0 0.7140625 0.9359375 0.121875 0.11875
0 0.6515625 0.8515625 0.05625 0.053125
0 0.13125 0.6734375 0.084375 0.090625
0 0.315625 0.5140625 0.121875 0.11875
0 0.2703125 0.4125 0.075 0.09375
0 0.5765625 0.4265625 0.1 0.0875
0 0.2015625 0.1015625 0.0875 0.078125
0 0.240625 0.196875 0.096875 0.065625
0 0.4125 0.3078125 0.115625 0.115625
0 0.440625 0.1484375 0.071875 0.046875