0 0.2171875 0.121875 0.090625 0.1125
0 0.2765625 0.0609375 0.0625 0.053125
0 0.36875 0.3265625 0.065625 0.053125
0 0.2 0.1890625 0.059375 0.075
0 0.1546875 0.309375 0.065625 0.08125
0 0.0453125 0.5265625 0.04375 0.05625
0 0.0734375 0.3765625 0.1 0.103125
0 0.246875 0.853125 0.05625 0.06875
0 0.340625 0.9296875 0.109375 0.115625
0 0.3953125 0.846875 0.05 0.053125
0 0.9015625 0.690625 0.071875 0.0875
0 0.9765625 0.046875 0.040625 0.09375
0 0.690625 0.5203125 0.109375 0.115625
0 0.721875 0.4234375 0.065625 0.090625
0 0.4125 0.425 0.0875 0.0875
0 0.7484375 0.1078125 0.075 0.078125
0 0.7234375 0.203125 0.0875 0.06875
0 0.5625 0.309375 0.1 0.115625
0 0.5125 0.146875 0.0625 0.046875