0 0.959375 0.1515625 0.075 0.071875
0 0.9625 0.0359375 0.0375 0.04375
0 0.8015625 0.1265625 0.06875 0.05625
0 0.796875 0.3609375 0.0875 0.06875
0 0.5828125 0.0875 0.06875 0.059375
0 0.5734375 0.1515625 0.046875 0.05
0 0.5921875 0.21875 0.065625 0.05625
0 0.3734375 0.3671875 0.08125 0.06875
0 0.3671875 0.1890625 0.065625 0.065625
0 0.13125 0.134375 0.05625 0.08125
0 0.81875 0.5390625 0.065625 0.05625
0 0.2984375 0.084375 0.075 0.078125
0 0.2203125 0.140625 0.06875 0.059375
0 0.03125 0.36875 0.015625 0.04375