0 0.7640625 0.95 0.103125 0.09375
0 0.7015625 0.9875 0.071875 0.01875
0 0.6203125 0.7140625 0.06875 0.05625
0 0.7828125 0.903125 0.0625 0.075
0 0.834375 0.7984375 0.06875 0.084375
0 0.9515625 0.6140625 0.04375 0.059375
0 0.9171875 0.75625 0.10625 0.10625
0 0.76875 0.23125 0.059375 0.06875
0 0.678125 0.1265625 0.11875 0.121875
0 0.621875 0.1890625 0.053125 0.05625
0 0.109375 0.1859375 0.08125 0.090625
0 0.0203125 0.8125 0.021875 0.103125
0 0.3140625 0.4203125 0.11875 0.121875
0 0.275 0.5078125 0.075 0.09375
0 0.584375 0.603125 0.09375 0.090625
0 0.234375 0.8078125 0.08125 0.084375
0 0.265625 0.721875 0.090625 0.06875
0 0.428125 0.6671875 0.109375 0.121875
0 0.4703125 0.8453125 0.065625 0.05