0 0.7765625 0.8703125 0.1125 0.10625
0 0.653125 0.6015625 0.071875 0.046875
0 0.415625 0.9296875 0.05625 0.05
0 0.509375 0.9234375 0.065625 0.065625
0 0.5734375 0.6328125 0.071875 0.075
0 0.296875 0.903125 0.084375 0.0625
0 0.315625 0.8234375 0.071875 0.075
0 0.646875 0.89375 0.065625 0.0625
0 0.6828125 0.0734375 0.05625 0.04375
0 0.5828125 0.3015625 0.040625 0.040625
0 0.3828125 0.421875 0.05 0.075
0 0.028125 0.14375 0.05625 0.0625
0 0.1859375 0.146875 0.065625 0.0625
0 0.284375 0.209375 0.0625 0.059375
0 0.31875 0.6390625 0.046875 0.04375
0 0.6578125 0.24375 0.071875 0.075
0 0.3046875 0.0671875 0.03125 0.046875