0 0.9890625 0.30625 0.015625 0.0875
0 0.884375 0.66875 0.06875 0.075
0 0.8125 0.55625 0.05 0.046875
0 0.70625 0.6390625 0.05 0.0625
0 0.709375 0.8875 0.05625 0.078125
0 0.60625 0.5171875 0.109375 0.078125
0 0.7296875 0.5234375 0.0375 0.03125
0 0.3734375 0.6515625 0.028125 0.071875
0 0.3109375 0.675 0.090625 0.053125
0 0.5296875 0.48125 0.075 0.053125
0 0.3609375 0.45 0.05 0.05
0 0.290625 0.3671875 0.06875 0.06875
0 0.209375 0.5234375 0.05 0.05
0 0.334375 0.584375 0.075 0.053125
0 0.4484375 0.79375 0.06875 0.075
0 0.396875 0.940625 0.075 0.053125
0 0.171875 0.928125 0.084375 0.109375
0 0.109375 0.7265625 0.078125 0.06875
0 0.2484375 0.5765625 0.034375 0.03125
0 0.009375 0.9359375 0.01875 0.059375