0 0.1296875 0.7625 0.103125 0.115625
0 0.1734375 0.8375 0.06875 0.05625
0 0.328125 0.621875 0.071875 0.059375
0 0.1265625 0.6953125 0.065625 0.078125
0 0.109375 0.5734375 0.078125 0.084375
0 0.0484375 0.3375 0.05 0.059375
0 0.05 0.4875 0.1 0.1125
0 0.3265625 0.1015625 0.0625 0.071875
0 0.440625 0.0640625 0.125 0.128125
0 0.4765625 0.15 0.05625 0.059375
0 0.9484375 0.44375 0.084375 0.096875
0 0.6953125 0.5375 0.121875 0.128125
0 0.7046875 0.6359375 0.078125 0.096875
0 0.39375 0.5421875 0.1 0.096875
0 0.6609375 0.9328125 0.084375 0.084375
0 0.6578125 0.8375 0.096875 0.075
0 0.5203125 0.6921875 0.1125 0.125
0 0.43125 0.8265625 0.06875 0.05