0 0.2796875 0.1953125 0.1 0.1
0 0.3625 0.4390625 0.0625 0.04375
0 0.6671875 0.025 0.053125 0.05
0 0.56875 0.0609375 0.05625 0.0625
0 0.4484375 0.3828125 0.0625 0.06875
0 0.7859375 0.0234375 0.078125 0.046875
0 0.75 0.1046875 0.0625 0.06875
0 0.421875 0.13125 0.05625 0.059375
0 0.234375 0.9890625 0.05625 0.015625
0 0.3765625 0.7328125 0.034375 0.0375
0 0.6078125 0.546875 0.04375 0.06875
0 0.921875 0.734375 0.05 0.059375
0 0.7609375 0.775 0.05625 0.059375
0 0.66875 0.740625 0.053125 0.05625
0 0.7125 0.3015625 0.040625 0.040625
0 0.2921875 0.8125 0.0625 0.06875
0 0.6234375 0.8921875 0.028125 0.04375