0 0.9734375 0.7484375 0.046875 0.05625
0 0.934375 0.4765625 0.075 0.05625
0 0.7953125 0.9671875 0.059375 0.05625
0 0.4578125 0.8078125 0.053125 0.040625
0 0.69375 0.7125 0.059375 0.05
0 0.5203125 0.584375 0.075 0.06875
0 0.3015625 0.55625 0.084375 0.040625
0 0.3140625 0.36875 0.046875 0.05625
0 0.0484375 0.3953125 0.059375 0.040625
0 0.13125 0.125 0.03125 0.04375
0 0.2171875 0.2015625 0.053125 0.053125
0 0.390625 0.3234375 0.04375 0.04375
0 0.5453125 0.4078125 0.046875 0.04375
0 0.8375 0.528125 0.059375 0.05
0 0.890625 0.2921875 0.059375 0.053125
0 0.6453125 0.215625 0.06875 0.053125
0 0.5140625 0.0890625 0.053125 0.04375