0 0.09375 0.746875 0.065625 0.084375
0 0.028125 0.38125 0.05625 0.084375
0 0.1546875 0.478125 0.05 0.053125
0 0.2140625 0.3875 0.05 0.06875
0 0.075 0.1484375 0.05625 0.084375
0 0.3828125 0.49375 0.103125 0.0875
0 0.2578125 0.503125 0.034375 0.034375
0 0.5421875 0.340625 0.03125 0.071875
0 0.5921875 0.3109375 0.084375 0.059375
0 0.4796875 0.521875 0.06875 0.059375
0 0.6671875 0.53125 0.05 0.05625
0 0.78125 0.60625 0.065625 0.075
0 0.778125 0.4484375 0.05 0.05625
0 0.6171875 0.4015625 0.06875 0.059375
0 0.3875 0.2109375 0.065625 0.08125
0 0.3578125 0.0640625 0.06875 0.059375
0 0.5921875 0.059375 0.0875 0.10625
0 0.7640625 0.240625 0.075 0.075
0 0.70625 0.3984375 0.03125 0.034375
0 0.8359375 0.05625 0.075 0.021875
0 0.765625 0.046875 0.04375 0.021875