0 0.7671875 0.4296875 0.1125 0.115625
0 0.896875 0.2703125 0.09375 0.09375
0 0.646875 0.290625 0.09375 0.084375
0 0.63125 0.190625 0.10625 0.096875
0 0.8640625 0.1421875 0.09375 0.084375
0 0.540625 0.175 0.121875 0.096875
0 0.440625 0.34375 0.1 0.090625
0 0.3 0.6546875 0.096875 0.084375
0 0.1375 0.6265625 0.04375 0.046875
0 0.225 0.146875 0.053125 0.040625
0 0.125 0.015625 0.103125 0.03125
0 0.065625 0.2015625 0.10625 0.096875
0 0.934375 0.384375 0.09375 0.075
0 0.9171875 0.4921875 0.0875 0.06875
0 0.3890625 0.0921875 0.10625 0.125