0 0.7296875 0.85 0.10625 0.1
0 0.64375 0.590625 0.06875 0.046875
0 0.3515625 0.9390625 0.05625 0.046875
0 0.446875 0.9265625 0.059375 0.059375
0 0.5578125 0.6296875 0.06875 0.06875
0 0.2296875 0.925 0.078125 0.059375
0 0.265625 0.840625 0.06875 0.06875
0 0.5921875 0.8859375 0.059375 0.05625
0 0.75 0.053125 0.05625 0.040625
0 0.6125 0.2921875 0.040625 0.040625
0 0.3921875 0.43125 0.05 0.06875
0 0.06875 0.178125 0.053125 0.05625
0 0.2265625 0.1671875 0.059375 0.05625
0 0.3203125 0.225 0.05625 0.053125
0 0.29375 0.65625 0.046875 0.04375
0 0.696875 0.2296875 0.06875 0.06875
0 0.3609375 0.0796875 0.034375 0.046875