0 0.9640625 0.2421875 0.04375 0.05625
0 0.9375 0.5140625 0.071875 0.05625
0 0.775 0.028125 0.0625 0.05625
0 0.4453125 0.1953125 0.05 0.040625
0 0.684375 0.28125 0.059375 0.05
0 0.5140625 0.415625 0.071875 0.06875
0 0.2984375 0.446875 0.08125 0.040625
0 0.3171875 0.6375 0.04375 0.05625
0 0.0546875 0.6140625 0.059375 0.040625
0 0.146875 0.88125 0.03125 0.04375
0 0.2296875 0.8046875 0.05 0.053125
0 0.396875 0.6796875 0.040625 0.04375
0 0.5484375 0.5921875 0.04375 0.04375
0 0.834375 0.465625 0.059375 0.05
0 0.903125 0.6984375 0.059375 0.053125
0 0.6609375 0.78125 0.065625 0.053125
0 0.5328125 0.9078125 0.05 0.04375