0 0.78125 0.3921875 0.109375 0.115625
0 0.946875 0.2140625 0.090625 0.096875
0 0.6890625 0.26875 0.09375 0.0875
0 0.6921875 0.1703125 0.10625 0.096875
0 0.9390625 0.0890625 0.09375 0.0875
0 0.60625 0.1671875 0.11875 0.096875
0 0.4734375 0.35 0.096875 0.09375
0 0.26875 0.6828125 0.096875 0.0875
0 0.10625 0.678125 0.046875 0.046875
0 0.29375 0.1828125 0.05 0.04375
0 0.2203125 0.05 0.10625 0.053125
0 0.1203125 0.2578125 0.10625 0.096875
0 0.9546875 0.325 0.084375 0.08125
0 0.921875 0.4359375 0.0875 0.06875
0 0.4671875 0.1046875 0.10625 0.13125