0 0.0265625 0.421875 0.046875 0.06875
0 0.075 0.6796875 0.078125 0.071875
0 0.1859375 0.134375 0.0625 0.06875
0 0.521875 0.175 0.053125 0.053125
0 0.2984375 0.3546875 0.0625 0.0625
0 0.478125 0.421875 0.08125 0.0875
0 0.69375 0.3703125 0.084375 0.059375
0 0.690625 0.565625 0.05 0.065625
0 0.946875 0.4421875 0.059375 0.05625
0 0.8828125 0.7421875 0.0375 0.053125
0 0.79375 0.6984375 0.05625 0.065625
0 0.61875 0.6390625 0.046875 0.053125
0 0.459375 0.6078125 0.05 0.05625
0 0.1703125 0.59375 0.0625 0.0625
0 0.128125 0.85 0.0625 0.065625
0 0.3734375 0.8390625 0.06875 0.06875
0 0.5078125 0.915625 0.05625 0.05625