0 0.734375 0.3015625 0.1 0.128125
0 0.821875 0.0875 0.084375 0.103125
0 0.590625 0.2328125 0.0875 0.096875
0 0.553125 0.1453125 0.096875 0.10625
0 0.765625 0.0171875 0.09375 0.034375
0 0.4671875 0.175 0.1125 0.10625
0 0.4109375 0.3828125 0.090625 0.103125
0 0.346875 0.74375 0.090625 0.096875
0 0.184375 0.8 0.04375 0.053125
0 0.159375 0.3078125 0.05 0.046875
0 0.04375 0.20625 0.059375 0.1
0 0.0390625 0.4359375 0.06875 0.109375
0 0.8828125 0.175 0.084375 0.084375
0 0.890625 0.2875 0.08125 0.078125
0 0.3015625 0.175 0.096875 0.140625