0 0.86875 0.8359375 0.084375 0.075
0 0.834375 0.9515625 0.034375 0.046875
0 0.696875 0.865625 0.065625 0.0625
0 0.7578125 0.6296875 0.084375 0.075
0 0.46875 0.9125 0.065625 0.065625
0 0.4765625 0.8484375 0.04375 0.05625
0 0.5140625 0.78125 0.0625 0.0625
0 0.334375 0.6375 0.078125 0.071875
0 0.278125 0.8171875 0.0625 0.06875
0 0.028125 0.878125 0.053125 0.084375
0 0.8328125 0.45 0.0625 0.0625
0 0.1796875 0.925 0.06875 0.08125
0 0.1171875 0.86875 0.065625 0.065625
0 0.0015625 0.646875 0.003125 0.05