0 0.79375 0.8109375 0.1125 0.096875
0 0.6546875 0.5640625 0.071875 0.040625
0 0.4453125 0.96875 0.059375 0.04375
0 0.5359375 0.9359375 0.0625 0.05625
0 0.5796875 0.6171875 0.06875 0.0625
0 0.328125 0.96875 0.084375 0.04375
0 0.3421875 0.8875 0.06875 0.0625
0 0.6671875 0.8703125 0.0625 0.053125
0 0.653125 0.0140625 0.0625 0.021875
0 0.56875 0.2703125 0.040625 0.0375
0 0.38125 0.4484375 0.05 0.065625
0 0.025 0.25625 0.05 0.05625
0 0.1703125 0.2171875 0.0625 0.053125
0 0.2734375 0.2578125 0.059375 0.05
0 0.3328125 0.6953125 0.05 0.040625
0 0.634375 0.19375 0.06875 0.0625
0 0.28125 0.1046875 0.034375 0.04375