0 0.7515625 0.84375 0.10625 0.096875
0 0.6453125 0.5859375 0.071875 0.04375
0 0.3765625 0.9484375 0.059375 0.046875
0 0.4703125 0.928125 0.0625 0.059375
0 0.565625 0.628125 0.06875 0.065625
0 0.2578125 0.9359375 0.078125 0.05625
0 0.284375 0.85 0.06875 0.065625
0 0.6140625 0.8828125 0.0625 0.05625
0 0.725 0.0421875 0.059375 0.040625
0 0.6015625 0.2875 0.040625 0.040625
0 0.3875 0.43125 0.046875 0.06875
0 0.0515625 0.19375 0.053125 0.05625
0 0.209375 0.1765625 0.0625 0.05625
0 0.3078125 0.23125 0.059375 0.053125
0 0.303125 0.6640625 0.046875 0.04375
0 0.68125 0.2234375 0.06875 0.065625
0 0.3375 0.0828125 0.034375 0.04375