0 0.9484375 0.8375 0.053125 0.0625
0 0.9453125 0.571875 0.08125 0.06875
0 0.7375 0.984375 0.075 0.025
0 0.421875 0.7828125 0.05625 0.05
0 0.6703125 0.74375 0.0625 0.059375
0 0.509375 0.584375 0.08125 0.08125
0 0.2921875 0.5125 0.0875 0.05
0 0.3265625 0.3328125 0.053125 0.0625
0 0.05625 0.3046875 0.0625 0.05
0 0.171875 0.065625 0.034375 0.05
0 0.246875 0.1546875 0.059375 0.059375
0 0.409375 0.3078125 0.046875 0.05
0 0.55625 0.421875 0.05 0.05
0 0.8375 0.596875 0.0625 0.059375
0 0.9234375 0.3859375 0.06875 0.0625
0 0.6859375 0.259375 0.075 0.0625
0 0.5671875 0.1140625 0.05625 0.05