0 0.2390625 0.4734375 0.11875 0.134375
0 0.11875 0.3359375 0.1 0.109375
0 0.36875 0.315625 0.1 0.096875
0 0.390625 0.215625 0.115625 0.1125
0 0.1578125 0.2046875 0.1 0.096875
0 0.478125 0.1875 0.128125 0.1125
0 0.56875 0.3375 0.10625 0.10625
0 0.690625 0.6203125 0.103125 0.096875
0 0.85625 0.5671875 0.046875 0.053125
0 0.796875 0.109375 0.05625 0.046875
0 0.9453125 0.1390625 0.103125 0.115625
0 0.075 0.453125 0.1 0.0875
0 0.0828125 0.5578125 0.090625 0.078125
0 0.6390625 0.0828125 0.115625 0.14375