0 0.965625 0.80625 0.05 0.0625
0 0.9390625 0.5390625 0.078125 0.0625
0 0.7734375 0.9796875 0.071875 0.034375
0 0.44375 0.7921875 0.05625 0.04375
0 0.6859375 0.7328125 0.065625 0.05625
0 0.5140625 0.584375 0.078125 0.075
0 0.296875 0.5265625 0.090625 0.04375
0 0.315625 0.34375 0.05 0.0625
0 0.05 0.3359375 0.065625 0.04375
0 0.1453125 0.0875 0.0375 0.04375
0 0.228125 0.16875 0.05625 0.059375
0 0.396875 0.3109375 0.046875 0.05
0 0.5484375 0.415625 0.05 0.05
0 0.8390625 0.5734375 0.065625 0.05625
0 0.9046875 0.353125 0.065625 0.059375
0 0.6625 0.2421875 0.071875 0.059375
0 0.5375 0.1046875 0.05625 0.05