0 0.2953125 0.653125 0.1125 0.11875
0 0.24375 0.853125 0.09375 0.09375
0 0.4578125 0.753125 0.09375 0.084375
0 0.5109375 0.8453125 0.109375 0.096875
0 0.3234375 0.9546875 0.096875 0.0625
0 0.59375 0.834375 0.121875 0.09375
0 0.615625 0.634375 0.1 0.090625
0 0.6140625 0.2828125 0.096875 0.084375
0 0.7671875 0.2578125 0.046875 0.05
0 0.8828125 0.7609375 0.053125 0.04375
0 0.971875 0.6578125 0.05 0.103125
0 0.165625 0.753125 0.09375 0.075
0 0.1390625 0.640625 0.090625 0.06875
0 0.7640625 0.865625 0.10625 0.128125