0 0.0453125 0.7875 0.071875 0.071875
0 0.0390625 0.4265625 0.065625 0.071875
0 0.1546875 0.5125 0.053125 0.04375
0 0.2296875 0.415625 0.053125 0.059375
0 0.1265625 0.190625 0.059375 0.071875
0 0.3828125 0.50625 0.10625 0.075
0 0.253125 0.5265625 0.034375 0.03125
0 0.5703125 0.3359375 0.034375 0.0625
0 0.6234375 0.303125 0.090625 0.053125
0 0.4765625 0.5234375 0.071875 0.053125
0 0.6625 0.515625 0.053125 0.046875
0 0.76875 0.578125 0.06875 0.0625
0 0.7921875 0.4203125 0.053125 0.046875
0 0.6359375 0.390625 0.071875 0.053125
0 0.434375 0.2234375 0.071875 0.06875
0 0.428125 0.078125 0.071875 0.053125
0 0.6671875 0.0484375 0.09375 0.096875
0 0.8125 0.2140625 0.075 0.065625
0 0.7265625 0.378125 0.03125 0.028125
0 0.9171875 0.015625 0.08125 0.03125
0 0.846875 0.0140625 0.05 0.028125