0 0.7765625 0.3640625 0.1 0.11875
0 0.9296875 0.1703125 0.0875 0.09375
0 0.6765625 0.253125 0.090625 0.0875
0 0.6703125 0.1578125 0.1 0.096875
0 0.9140625 0.0515625 0.090625 0.0875
0 0.5859375 0.1640625 0.115625 0.09375
0 0.4609375 0.3578125 0.09375 0.09375
0 0.2765625 0.70625 0.09375 0.0875
0 0.1140625 0.71875 0.04375 0.05
0 0.26875 0.2140625 0.05 0.040625
0 0.18125 0.08125 0.1 0.084375
0 0.1 0.309375 0.1 0.096875
0 0.9546875 0.2765625 0.0875 0.075
0 0.921875 0.3875 0.084375 0.065625
0 0.4390625 0.11875 0.09375 0.13125