0 0.95625 0.640625 0.053125 0.075
0 0.965625 0.2765625 0.05625 0.06875
0 0.8453125 0.4 0.04375 0.04375
0 0.76875 0.3296875 0.040625 0.059375
0 0.865625 0.071875 0.04375 0.075
0 0.615625 0.4671875 0.09375 0.06875
0 0.74375 0.4484375 0.03125 0.028125
0 0.428125 0.3578125 0.01875 0.06875
0 0.375 0.34375 0.08125 0.04375
0 0.525 0.515625 0.0625 0.046875
0 0.3359375 0.56875 0.04375 0.046875
0 0.2328125 0.6640625 0.05625 0.059375
0 0.209375 0.5171875 0.04375 0.046875
0 0.3640625 0.434375 0.0625 0.046875
0 0.5609375 0.203125 0.05625 0.06875
0 0.5640625 0.05625 0.0625 0.046875
0 0.3265625 0.103125 0.06875 0.103125
0 0.1859375 0.315625 0.0625 0.059375
0 0.2734375 0.4515625 0.028125 0.028125
0 0.0765625 0.1359375 0.0625 0.053125
0 0.1453125 0.115625 0.034375 0.053125