0 0.221875 0.9578125 0.11875 0.078125
0 0.2828125 0.990625 0.078125 0.0125
0 0.371875 0.7234375 0.075 0.059375
0 0.2015625 0.9203125 0.071875 0.078125
0 0.1546875 0.81875 0.08125 0.0875
0 0.0421875 0.646875 0.053125 0.059375
0 0.0734375 0.784375 0.11875 0.1125
0 0.240625 0.2515625 0.065625 0.071875
0 0.3359375 0.14375 0.13125 0.128125
0 0.390625 0.2 0.0625 0.059375
0 0.9 0.159375 0.090625 0.096875
0 0.6890625 0.4078125 0.13125 0.128125
0 0.7234375 0.490625 0.084375 0.1
0 0.4109375 0.6078125 0.103125 0.096875
0 0.7515625 0.7875 0.090625 0.084375
0 0.728125 0.7015625 0.1 0.075
0 0.565625 0.6609375 0.121875 0.128125
0 0.5171875 0.840625 0.071875 0.053125