0 0.9375 0.709375 0.040625 0.05625
0 0.940625 0.4375 0.065625 0.05625
0 0.725 0.946875 0.053125 0.05625
0 0.4125 0.815625 0.046875 0.040625
0 0.6625 0.7 0.053125 0.05
0 0.50625 0.584375 0.065625 0.06875
0 0.290625 0.575 0.075 0.040625
0 0.33125 0.384375 0.040625 0.05625
0 0.0625 0.434375 0.053125 0.040625
0 0.184375 0.15625 0.028125 0.04375
0 0.259375 0.221875 0.046875 0.053125
0 0.415625 0.33125 0.0375 0.04375
0 0.559375 0.403125 0.040625 0.04375
0 0.834375 0.496875 0.053125 0.05
0 0.925 0.253125 0.053125 0.053125
0 0.690625 0.196875 0.059375 0.053125
0 0.578125 0.08125 0.046875 0.04375