0 0.79375 0.8265625 0.109375 0.09375
0 0.6546875 0.575 0.071875 0.040625
0 0.4390625 0.959375 0.05625 0.04375
0 0.5328125 0.93125 0.0625 0.05625
0 0.5796875 0.6234375 0.06875 0.0625
0 0.3203125 0.9546875 0.078125 0.053125
0 0.3375 0.8703125 0.06875 0.0625
0 0.665625 0.8796875 0.0625 0.053125
0 0.6578125 0.025 0.0625 0.03125
0 0.5703125 0.2765625 0.040625 0.034375
0 0.3796875 0.4390625 0.046875 0.065625
0 0.0234375 0.225 0.046875 0.05625
0 0.1703125 0.1953125 0.0625 0.053125
0 0.2734375 0.240625 0.05625 0.05
0 0.328125 0.678125 0.046875 0.040625
0 0.6390625 0.209375 0.06875 0.0625
0 0.284375 0.09375 0.03125 0.04375