0 0.28125 0.1421875 0.11875 0.103125
0 0.3609375 0.4046875 0.075 0.046875
0 0.671875 0.06875 0.0625 0.05
0 0.571875 0.0796875 0.06875 0.0625
0 0.446875 0.3703125 0.075 0.06875
0 0.7890625 0.0890625 0.084375 0.0625
0 0.7515625 0.1703125 0.075 0.06875
0 0.4234375 0.1140625 0.06875 0.059375
0 0.228125 0.9328125 0.0625 0.040625
0 0.375 0.703125 0.04375 0.040625
0 0.6078125 0.575 0.05625 0.06875
0 0.921875 0.8375 0.0625 0.05625
0 0.759375 0.840625 0.06875 0.059375
0 0.66875 0.78125 0.0625 0.05625
0 0.7171875 0.353125 0.053125 0.04375
0 0.2890625 0.759375 0.075 0.06875
0 0.621875 0.921875 0.0375 0.04375