0 0.0921875 0.24375 0.078125 0.071875
0 0.115625 0.1296875 0.03125 0.05
0 0.2609375 0.184375 0.059375 0.059375
0 0.2265625 0.4234375 0.078125 0.071875
0 0.4875 0.096875 0.059375 0.0625
0 0.4859375 0.159375 0.040625 0.05625
0 0.45625 0.2328125 0.05625 0.059375
0 0.6515625 0.334375 0.06875 0.071875
0 0.6890625 0.1515625 0.05625 0.071875
0 0.9359375 0.04375 0.046875 0.0875
0 0.171875 0.6125 0.05625 0.059375
0 0.775 0.034375 0.0625 0.06875
0 0.84375 0.06875 0.059375 0.0625
0 0.99375 0.2578125 0.00625 0.053125