0 0.775 0.596875 0.10625 0.128125
0 0.9328125 0.76875 0.0875 0.103125
0 0.6765625 0.7265625 0.090625 0.096875
0 0.6765625 0.8265625 0.1 0.10625
0 0.9171875 0.8984375 0.090625 0.096875
0 0.590625 0.8328125 0.1125 0.10625
0 0.465625 0.653125 0.09375 0.103125
0 0.2765625 0.3234375 0.09375 0.096875
0 0.115625 0.3359375 0.04375 0.053125
0 0.28125 0.8328125 0.046875 0.05
0 0.1984375 0.953125 0.1 0.021875
0 0.1125 0.7625 0.1 0.10625
0 0.9515625 0.6578125 0.0875 0.0875
0 0.9171875 0.546875 0.08125 0.075
0 0.45 0.9015625 0.1 0.1375