0 0.0390625 0.625 0.05 0.075
0 0.040625 0.2640625 0.0625 0.06875
0 0.15625 0.3921875 0.046875 0.04375
0 0.2390625 0.325 0.04375 0.0625
0 0.1484375 0.0671875 0.046875 0.075
0 0.3828125 0.465625 0.1 0.06875
0 0.2546875 0.440625 0.03125 0.028125
0 0.5796875 0.3640625 0.025 0.065625
0 0.634375 0.3484375 0.084375 0.04375
0 0.4734375 0.5140625 0.06875 0.046875
0 0.6625 0.5703125 0.046875 0.046875
0 0.7609375 0.66875 0.0625 0.0625
0 0.79375 0.521875 0.046875 0.046875
0 0.6421875 0.4390625 0.06875 0.046875
0 0.453125 0.2046875 0.0625 0.06875
0 0.4578125 0.0609375 0.06875 0.046875
0 0.69375 0.1109375 0.071875 0.103125
0 0.8265625 0.3265625 0.06875 0.0625
0 0.73125 0.459375 0.028125 0.028125
0 0.9390625 0.1515625 0.05 0.059375
0 0.875 0.1296875 0.0375 0.053125