0 0.1265625 0.2359375 0.05 0.06875
0 0.0625 0.5125 0.075 0.078125
0 0.3859375 0.034375 0.065625 0.0375
0 0.6546875 0.190625 0.053125 0.05625
0 0.3890625 0.278125 0.0625 0.065625
0 0.5125 0.4125 0.078125 0.090625
0 0.71875 0.4484375 0.08125 0.0625
0 0.6359375 0.6375 0.05 0.06875
0 0.9046875 0.6171875 0.059375 0.059375
0 0.725 0.8859375 0.0375 0.05625
0 0.66875 0.809375 0.05625 0.06875
0 0.5421875 0.6828125 0.046875 0.05625
0 0.4203125 0.59375 0.05 0.059375
0 0.178125 0.4625 0.0625 0.065625
0 0.0359375 0.6984375 0.0625 0.06875
0 0.2484375 0.784375 0.06875 0.075
0 0.33125 0.915625 0.05625 0.059375