0 0.2734375 0.3515625 0.1 0.1125
0 0.2 0.1515625 0.084375 0.090625
0 0.4234375 0.25 0.0875 0.084375
0 0.4671875 0.153125 0.096875 0.09375
0 0.2640625 0.0421875 0.090625 0.075
0 0.553125 0.1671875 0.109375 0.090625
0 0.5984375 0.3625 0.090625 0.090625
0 0.640625 0.7140625 0.090625 0.084375
0 0.8015625 0.7375 0.04375 0.04375
0 0.853125 0.2359375 0.046875 0.040625
0 0.9734375 0.1078125 0.046875 0.090625
0 0.965625 0.3375 0.0625 0.1
0 0.13125 0.2546875 0.084375 0.075
0 0.1171875 0.3671875 0.08125 0.065625
0 0.7203125 0.134375 0.09375 0.125