0 0.6546875 0.8375 0.115625 0.1
0 0.625 0.58125 0.075 0.04375
0 0.2515625 0.9515625 0.0625 0.04375
0 0.353125 0.9328125 0.065625 0.05625
0 0.5296875 0.6265625 0.075 0.065625
0 0.1328125 0.94375 0.084375 0.05625
0 0.184375 0.859375 0.075 0.065625
0 0.5078125 0.8828125 0.065625 0.053125
0 0.853125 0.034375 0.0625 0.0375
0 0.6625 0.2828125 0.04375 0.0375
0 0.4046875 0.4375 0.053125 0.065625
0 0.134375 0.20625 0.05625 0.053125
0 0.2984375 0.1859375 0.065625 0.053125
0 0.3796875 0.234375 0.0625 0.05
0 0.25625 0.671875 0.05 0.040625
0 0.759375 0.2140625 0.075 0.065625
0 0.4546875 0.0890625 0.0375 0.04375