0 0.8296875 0.1890625 0.059375 0.06875
0 0.928125 0.45625 0.084375 0.075
0 0.553125 0.025 0.075 0.034375
0 0.3109375 0.2078125 0.0625 0.05
0 0.58125 0.265625 0.06875 0.065625
0 0.478125 0.4171875 0.0875 0.0875
0 0.28125 0.475 0.0875 0.0625
0 0.3859375 0.6546875 0.059375 0.06875
0 0.1203125 0.66875 0.06875 0.053125
0 0.3265625 0.915625 0.040625 0.05
0 0.375 0.8328125 0.065625 0.065625
0 0.4796875 0.6875 0.05 0.053125
0 0.5875 0.58125 0.053125 0.053125
0 0.809375 0.4234375 0.06875 0.065625
0 0.96875 0.64375 0.05625 0.075
0 0.78125 0.753125 0.075 0.06875
0 0.7171875 0.89375 0.0625 0.053125