0 0.690625 0.659375 0.11875 0.121875
0 0.7234375 0.8625 0.1 0.1
0 0.521875 0.7578125 0.1 0.090625
0 0.4625 0.846875 0.115625 0.103125
0 0.640625 0.9578125 0.103125 0.05
0 0.3796875 0.8328125 0.128125 0.103125
0 0.378125 0.63125 0.10625 0.096875
0 0.4046875 0.2796875 0.103125 0.090625
0 0.253125 0.2484375 0.046875 0.05
0 0.1015625 0.753125 0.05625 0.04375
0 0.0265625 0.6453125 0.053125 0.109375
0 0.8109375 0.7625 0.1 0.08125
0 0.846875 0.6515625 0.090625 0.071875
0 0.2109375 0.8609375 0.115625 0.134375