0 0.9734375 0.20625 0.046875 0.0875
0 0.990625 0.0875 0.0125 0.05625
0 0.834375 0.15625 0.0625 0.065625
0 0.8 0.3953125 0.078125 0.078125
0 0.6359375 0.0859375 0.0625 0.06875
0 0.6171875 0.15 0.04375 0.05625
0 0.6265625 0.221875 0.059375 0.065625
0 0.3953125 0.3484375 0.071875 0.075
0 0.4140625 0.1625 0.059375 0.075
0 0.2 0.084375 0.053125 0.078125
0 0.7984375 0.58125 0.059375 0.065625
0 0.3640625 0.0546875 0.06875 0.06875
0 0.2796875 0.0953125 0.0625 0.06875
0 0.0609375 0.2984375 0.03125 0.046875