0 0.9296875 0.2703125 0.059375 0.075
0 0.96875 0.6390625 0.05625 0.071875
0 0.8453125 0.5328125 0.046875 0.04375
0 0.778125 0.6203125 0.046875 0.059375
0 0.9015625 0.859375 0.05 0.071875
0 0.6171875 0.5109375 0.1 0.071875
0 0.7453125 0.5046875 0.034375 0.028125
0 0.44375 0.65625 0.028125 0.065625
0 0.39375 0.68125 0.084375 0.05
0 0.521875 0.478125 0.065625 0.05
0 0.3328125 0.4640625 0.046875 0.046875
0 0.2234375 0.3859375 0.0625 0.0625
0 0.2140625 0.5421875 0.046875 0.046875
0 0.3734375 0.5921875 0.065625 0.05
0 0.590625 0.7875 0.0625 0.06875
0 0.609375 0.934375 0.065625 0.05
0 0.371875 0.9375 0.078125 0.1
0 0.2140625 0.7484375 0.06875 0.0625
0 0.2828125 0.59375 0.03125 0.028125
0 0.1265625 0.95 0.06875 0.05625
0 0.1953125 0.95625 0.040625 0.053125