0 0.9484375 0.171875 0.053125 0.0625
0 0.9453125 0.4375 0.08125 0.065625
0 0.7375 0.01875 0.075 0.0375
0 0.421875 0.2140625 0.05625 0.05
0 0.6703125 0.259375 0.0625 0.059375
0 0.509375 0.415625 0.08125 0.08125
0 0.2921875 0.484375 0.0875 0.05
0 0.3265625 0.6609375 0.053125 0.0625
0 0.05625 0.6859375 0.0625 0.05
0 0.171875 0.928125 0.034375 0.05
0 0.246875 0.8390625 0.059375 0.059375
0 0.409375 0.6890625 0.046875 0.05
0 0.55625 0.58125 0.05 0.05
0 0.8375 0.409375 0.0625 0.059375
0 0.9234375 0.6234375 0.06875 0.0625
0 0.6859375 0.74375 0.075 0.0625
0 0.5671875 0.8890625 0.05625 0.05