0 0.0328125 0.178125 0.065625 0.06875
0 0.028125 0.0609375 0.028125 0.04375
0 0.1875 0.1421875 0.05625 0.05625
0 0.2046875 0.3796875 0.071875 0.065625
0 0.3953125 0.0859375 0.05625 0.059375
0 0.4125 0.1515625 0.0375 0.053125
0 0.3953125 0.2203125 0.053125 0.05625
0 0.61875 0.3578125 0.065625 0.065625
0 0.615625 0.175 0.053125 0.065625
0 0.8421875 0.103125 0.040625 0.084375
0 0.1890625 0.5625 0.053125 0.05625
0 0.6765625 0.0625 0.05625 0.075
0 0.7546875 0.1171875 0.05625 0.059375
0 0.9625 0.3328125 0.03125 0.040625