0 0.9796875 0.3 0.034375 0.08125
0 0.925 0.665625 0.059375 0.06875
0 0.8296875 0.5515625 0.046875 0.04375
0 0.7359375 0.6359375 0.04375 0.0625
0 0.778125 0.88125 0.046875 0.075
0 0.6109375 0.5171875 0.096875 0.071875
0 0.7390625 0.5203125 0.034375 0.03125
0 0.3953125 0.653125 0.021875 0.065625
0 0.3390625 0.6734375 0.084375 0.046875
0 0.5265625 0.4796875 0.065625 0.046875
0 0.346875 0.4515625 0.046875 0.046875
0 0.2625 0.3703125 0.059375 0.0625
0 0.20625 0.5234375 0.046875 0.046875
0 0.3484375 0.5828125 0.065625 0.046875
0 0.4984375 0.7921875 0.059375 0.06875
0 0.46875 0.9390625 0.065625 0.046875
0 0.2328125 0.928125 0.071875 0.103125
0 0.1390625 0.7296875 0.065625 0.0625
0 0.2578125 0.5796875 0.03125 0.03125
0 0.0125 0.928125 0.025 0.0625
0 0.0515625 0.9375 0.0375 0.053125