0 0.2625 0.0484375 0.10625 0.096875
0 0.3265625 0.0125 0.071875 0.025
0 0.390625 0.2859375 0.06875 0.05625
0 0.2359375 0.0984375 0.065625 0.071875
0 0.1796875 0.2 0.075 0.084375
0 0.0484375 0.38125 0.046875 0.05625
0 0.0921875 0.240625 0.109375 0.10625
0 0.215625 0.7671875 0.059375 0.065625
0 0.3015625 0.871875 0.121875 0.11875
0 0.3625 0.809375 0.05625 0.05625
0 0.875 0.815625 0.084375 0.090625
0 0.6828125 0.5796875 0.121875 0.11875
0 0.7265625 0.49375 0.078125 0.09375
0 0.4203125 0.3953125 0.096875 0.090625
0 0.7828125 0.19375 0.084375 0.08125
0 0.746875 0.2796875 0.09375 0.06875
0 0.58125 0.3328125 0.1125 0.11875
0 0.5484375 0.15625 0.065625 0.05