0 0.9625 0.203125 0.065625 0.078125
0 0.959375 0.56875 0.0625 0.075
0 0.8453125 0.4796875 0.05 0.046875
0 0.7640625 0.578125 0.046875 0.065625
0 0.853125 0.803125 0.053125 0.078125
0 0.6171875 0.49375 0.103125 0.078125
0 0.7453125 0.46875 0.034375 0.03125
0 0.421875 0.6671875 0.03125 0.06875
0 0.36875 0.6984375 0.084375 0.05
0 0.525 0.475 0.071875 0.053125
0 0.3390625 0.4890625 0.05 0.05
0 0.2375 0.428125 0.065625 0.065625
0 0.2046875 0.584375 0.05 0.05
0 0.359375 0.6125 0.071875 0.053125
0 0.553125 0.7765625 0.065625 0.071875
0 0.5515625 0.9203125 0.071875 0.053125
0 0.3109375 0.95 0.084375 0.09375
0 0.175 0.79375 0.071875 0.065625
0 0.26875 0.625 0.03125 0.03125
0 0.0640625 0.9875 0.078125 0.01875
0 0.1296875 0.9875 0.046875 0.01875