0 0.128125 0.746875 0.075 0.084375
0 0.028125 0.38125 0.05625 0.0875
0 0.1578125 0.478125 0.05625 0.053125
0 0.2078125 0.3875 0.05625 0.06875
0 0.040625 0.1484375 0.0625 0.084375
0 0.3828125 0.49375 0.1125 0.0875
0 0.2609375 0.503125 0.0375 0.034375
0 0.5234375 0.340625 0.034375 0.071875
0 0.5671875 0.3109375 0.090625 0.059375
0 0.4828125 0.521875 0.078125 0.059375
0 0.6671875 0.53125 0.05625 0.05625
0 0.790625 0.60625 0.075 0.075
0 0.76875 0.4484375 0.05625 0.05625
0 0.6046875 0.4015625 0.078125 0.059375
0 0.35625 0.2109375 0.075 0.08125
0 0.3109375 0.0640625 0.078125 0.059375
0 0.5421875 0.059375 0.096875 0.10625
0 0.7296875 0.240625 0.08125 0.075
0 0.690625 0.3984375 0.034375 0.034375
0 0.7796875 0.05625 0.08125 0.021875
0 0.709375 0.046875 0.05 0.021875