0 0.8015625 0.059375 0.09375 0.109375
0 0.746875 0.01875 0.06875 0.0375
0 0.640625 0.2953125 0.06875 0.05
0 0.815625 0.1203125 0.0625 0.071875
0 0.8546875 0.23125 0.06875 0.078125
0 0.9546875 0.4265625 0.046875 0.053125
0 0.9359375 0.2828125 0.103125 0.1
0 0.7375 0.796875 0.059375 0.065625
0 0.640625 0.8921875 0.115625 0.1125
0 0.5890625 0.825 0.053125 0.05
0 0.0890625 0.778125 0.075 0.084375
0 0.0421875 0.14375 0.05 0.09375
0 0.30625 0.5609375 0.115625 0.1125
0 0.28125 0.4703125 0.06875 0.0875
0 0.590625 0.40625 0.090625 0.084375
0 0.2671875 0.1640625 0.078125 0.075
0 0.2890625 0.253125 0.090625 0.065625
0 0.446875 0.325 0.103125 0.1125
0 0.503125 0.15 0.065625 0.04375