0 0.11875 0.8453125 0.096875 0.103125
0 0.159375 0.9078125 0.065625 0.05
0 0.3234375 0.659375 0.06875 0.05
0 0.11875 0.778125 0.059375 0.065625
0 0.103125 0.65625 0.06875 0.075
0 0.053125 0.4296875 0.04375 0.053125
0 0.046875 0.5828125 0.09375 0.103125
0 0.340625 0.1328125 0.05625 0.059375
0 0.453125 0.065625 0.115625 0.109375
0 0.4859375 0.15 0.053125 0.05
0 0.9515625 0.3515625 0.078125 0.084375
0 0.8734375 0.9703125 0.0875 0.034375
0 0.6953125 0.4984375 0.115625 0.109375
0 0.7 0.5984375 0.06875 0.084375
0 0.39375 0.5671875 0.09375 0.08125
0 0.6453125 0.903125 0.08125 0.075
0 0.6453125 0.8078125 0.090625 0.059375
0 0.5140625 0.6921875 0.10625 0.109375
0 0.4203125 0.846875 0.0625 0.04375