0 0.9796875 0.215625 0.034375 0.08125
0 0.934375 0.5828125 0.059375 0.06875
0 0.8359375 0.49375 0.04375 0.04375
0 0.74375 0.5890625 0.040625 0.0625
0 0.796875 0.821875 0.04375 0.078125
0 0.6125 0.4953125 0.096875 0.06875
0 0.740625 0.4765625 0.03125 0.028125
0 0.403125 0.6671875 0.021875 0.06875
0 0.34375 0.7 0.084375 0.04375
0 0.528125 0.478125 0.065625 0.046875
0 0.3453125 0.48125 0.04375 0.046875
0 0.2578125 0.4171875 0.059375 0.0625
0 0.203125 0.5765625 0.04375 0.046875
0 0.3484375 0.609375 0.065625 0.046875
0 0.5109375 0.784375 0.059375 0.06875
0 0.4859375 0.93125 0.065625 0.046875
0 0.253125 0.9515625 0.075 0.090625
0 0.1453125 0.7875 0.065625 0.0625
0 0.2578125 0.6203125 0.028125 0.028125
0 0.01875 0.9859375 0.0375 0.021875
0 0.071875 0.9859375 0.0375 0.021875