0 0.25 0.309375 0.115625 0.121875
0 0.1484375 0.1 0.096875 0.1
0 0.390625 0.2359375 0.096875 0.090625
0 0.421875 0.146875 0.1125 0.103125
0 0.2015625 0.0203125 0.103125 0.040625
0 0.5109375 0.1734375 0.125 0.103125
0 0.58125 0.38125 0.10625 0.096875
0 0.6703125 0.7390625 0.1 0.090625
0 0.834375 0.7890625 0.046875 0.05
0 0.8234375 0.296875 0.053125 0.04375
0 0.9234375 0.1921875 0.046875 0.096875
0 0.9515625 0.421875 0.06875 0.10625
0 0.0953125 0.1875 0.096875 0.08125
0 0.09375 0.2984375 0.090625 0.071875
0 0.6734375 0.1703125 0.1125 0.134375