0 0.1453125 0.76875 0.053125 0.065625
0 0.0625 0.49375 0.08125 0.06875
0 0.4125 0.9671875 0.071875 0.0375
0 0.671875 0.8046875 0.059375 0.046875
0 0.403125 0.7203125 0.06875 0.059375
0 0.51875 0.584375 0.084375 0.08125
0 0.7203125 0.5484375 0.090625 0.053125
0 0.625 0.359375 0.053125 0.065625
0 0.8953125 0.3765625 0.06875 0.05
0 0.6984375 0.1109375 0.0375 0.046875
0 0.6484375 0.1875 0.059375 0.0625
0 0.53125 0.3203125 0.05 0.05
0 0.4140625 0.4109375 0.053125 0.05
0 0.1828125 0.5421875 0.06875 0.059375
0 0.03125 0.3109375 0.0625 0.065625
0 0.23125 0.2203125 0.075 0.065625
0 0.3046875 0.0921875 0.059375 0.05