0 0.775 0.953125 0.11875 0.0875
0 0.7109375 0.9875 0.084375 0.01875
0 0.625 0.71875 0.08125 0.059375
0 0.790625 0.9125 0.071875 0.078125
0 0.840625 0.8109375 0.084375 0.084375
0 0.95625 0.6359375 0.053125 0.059375
0 0.9234375 0.771875 0.11875 0.109375
0 0.7640625 0.24375 0.06875 0.06875
0 0.6703125 0.1375 0.13125 0.125
0 0.615625 0.1953125 0.0625 0.059375
0 0.1015625 0.171875 0.090625 0.090625
0 0.309375 0.4125 0.13125 0.125
0 0.2765625 0.4984375 0.084375 0.09375
0 0.5875 0.60625 0.10625 0.09375
0 0.2390625 0.79375 0.090625 0.084375
0 0.2671875 0.7109375 0.1 0.075
0 0.43125 0.665625 0.121875 0.121875
0 0.4765625 0.8390625 0.071875 0.05