0 0.6765625 0.9171875 0.1125 0.1125
0 0.609375 0.9640625 0.078125 0.0375
0 0.58125 0.69375 0.078125 0.059375
0 0.7078125 0.8515625 0.071875 0.075
0 0.7828125 0.7390625 0.084375 0.08125
0 0.9390625 0.53125 0.053125 0.059375
0 0.875 0.6796875 0.11875 0.10625
0 0.8265625 0.1796875 0.06875 0.06875
0 0.75625 0.0890625 0.134375 0.121875
0 0.6828125 0.1625 0.0625 0.059375
0 0.1640625 0.25625 0.090625 0.090625
0 0.3234375 0.4546875 0.134375 0.121875
0 0.271875 0.5484375 0.084375 0.090625
0 0.5640625 0.5890625 0.109375 0.090625
0 0.16875 0.859375 0.090625 0.08125
0 0.2171875 0.7671875 0.10625 0.071875
0 0.39375 0.68125 0.121875 0.11875
0 0.4046875 0.8515625 0.075 0.046875