0 0.228125 0.8453125 0.103125 0.109375
0 0.3484375 0.5828125 0.06875 0.046875
0 0.5859375 0.95625 0.05625 0.05
0 0.4953125 0.9328125 0.059375 0.065625
0 0.4265625 0.6265625 0.065625 0.071875
0 0.70625 0.940625 0.078125 0.05
0 0.6828125 0.859375 0.065625 0.071875
0 0.3578125 0.8859375 0.059375 0.0625
0 0.315625 0.0421875 0.059375 0.025
0 0.415625 0.2828125 0.040625 0.04375
0 0.615625 0.4328125 0.046875 0.075
0 0.9640625 0.19375 0.053125 0.0625
0 0.8109375 0.1765625 0.059375 0.0625
0 0.7109375 0.2296875 0.05625 0.05625
0 0.6796875 0.6703125 0.046875 0.046875
0 0.34375 0.215625 0.065625 0.071875
0 0.69375 0.0796875 0.03125 0.05