0 0.25625 0.8921875 0.096875 0.103125
0 0.3203125 0.95 0.06875 0.05
0 0.3875 0.68125 0.071875 0.05
0 0.2328125 0.825 0.065625 0.065625
0 0.175 0.709375 0.071875 0.078125
0 0.046875 0.4921875 0.04375 0.053125
0 0.0890625 0.64375 0.10625 0.09375
0 0.2140625 0.1609375 0.059375 0.059375
0 0.3015625 0.0796875 0.11875 0.109375
0 0.3640625 0.1578125 0.05625 0.05
0 0.88125 0.2921875 0.08125 0.084375
0 0.684375 0.4703125 0.11875 0.109375
0 0.7265625 0.56875 0.071875 0.0875
0 0.4203125 0.5796875 0.096875 0.08125
0 0.7828125 0.8765625 0.084375 0.071875
0 0.75 0.784375 0.09375 0.059375
0 0.578125 0.6859375 0.1125 0.10625
0 0.54375 0.8515625 0.06875 0.04375